500 1412 498.667 348 309.333 248.333 249.667 170.667
600 1244.33 498.333 350 345.333 251 254.667 192.333
700 1210.33 620.667 497.667 360.333 362.667 267 206.667
800 1351 747.333 539.333 379.333 379 288.333 230.667
900 1462.33 779 548 400.667 401.333 308 306
1000 1564.67 797 571.333 515 422.333 418.667 326
1100 1916.33 984.667 721.333 719.333 536.667 539 417.667
1200 2130.67 1026.33 747.667 742.333 562.667 558.333 440.667
1300 2309.67 1090 810.667 764 643 581.667 462
1400 2465 1286 1061.33 791.667 787 603.667 488.333
1500 2612.67 1530 1108.33 811.667 808 621.333 513.333
1600 2760.33 1568.33 1133 830.333 828 645 529.333
1700 2880.33 1636.33 1154.33 860.667 857.667 676.667 669.333
1800 3002.67 1627.33 1181 880.667 877.667 696.333 692.333
1900 3102 1675.67 1228.67 922.333 1018 710.667 711.667
2000 3286.33 1748.67 1243.33 1131 1017 958.333 741.667
2100 3867.67 2055.33 1482.67 1513 1161.67 1200.67 978.333
2200 3996 2135.33 1567.33 1551 1238.33 1200.67 973
2300 4200 2190.67 1607 1585 1262 1234 1035
2400 4428 2211.33 1667.33 1667.67 1279 1288 1055
2500 4765.67 2303 1755.67 1674 1271 1291.67 1030.67
2600 4842 2371.67 1767.33 1671 1433 1290 1101.33
2700 4971.33 2528.33 2084.33 1738.67 1689 1383.67 1088.33
2800 5142 2765 2293.67 1711.67 1715 1350.67 1112.33
2900 5252.33 2935.33 2349 1752.33 1739 1398 1142.67
3000 5429.67 3237.67 2370.67 1813.67 1775 1401.33 1164
3100 5691.33 3388.33 2460 1787.67 1831 1451.33 1226.67
3200 5827 3371.33 2498 1832 1844.33 1507.33 1201.67
3300 5905.33 3357.67 2473.67 1870 1828.67 1500 1462
3400 5951.33 3369.67 2485 1863.67 1889.67 1514 1489.33
3500 6062 3378.67 2493.67 1903.33 1883 1503.67 1516.67
3600 6166.67 3411.33 2514.67 1938.67 1908.33 1556.33 1533.67
3700 6309.67 3470 2541.67 1967 1937.67 1582.67 1586.33
3800 6400.33 3481.33 2610.33 1967.33 1977.33 1626.33 1575.67
3900 6732 3775.67 2770.33 2299.33 2129.67 1917.67 1745.67
4000 6627.67 3618.67 2613 2449.67 2161.67 2174.33 1689.67
4100 6989.33 3894.67 2962 2869.67 2250.33 2250.33 1891.67
4200 7511.33 4194.67 3183 3204 2573.33 2554 2099
4300 7891.33 4294 3321 3280.67 2599.67 2601.67 2132
4400 8125 4434.33 3386.33 3362.33 2626.33 2636.33 2158.67
4500 8419.67 4798.33 3580.67 3592 2840 2732 2296
4600 9193 4629.33 3408.67 3410.33 2680.67 2691.67 2212.67
4700 9066.33 4545.67 3444.33 3495.67 2752.67 2699.33 2279.67
4800 9042.67 4582.33 3449.33 3456.33 2718.33 2709 2231.67
4900 9167.67 4717.33 3564.33 3523 2771 2740.67 2274
5000 9476.33 4659 3522.33 3500.33 2773.67 2758.67 2310.67
5100 9589 4684 3539.67 3533.33 2822.33 2863 2465.33
5200 10056.7 6301.33 3913.33 3615.33 3090.33 2830 2380.67
5300 10159.3 5160.33 4066 3673 3438 2878 2464.67
5400 10282 5292.67 4262.67 3639 3633.67 2898.33 2426.67
5500 10307 6164.33 4556 3670.33 3695.33 2905.67 2490.33
5600 10699.7 5780 4819.67 3709.33 3671 2944.33 2468.67
5700 10638.3 5899.67 4925 3738.33 3705.33 2976 2554.33
5800 10889.3 6318 4998 3833.33 3817.67 3023.33 2558.67
5900 11444 6413 4965 3805.67 3780.33 3049 2582.33
6000 11069.3 6605 5023.33 3868 3800 3032.33 2597
6100 11215 6637.67 5013.67 3807 3812.67 3071.33 2611.33
6200 11380.3 6746 5000 3849 3843 3079.67 2615.33
6300 11460 6779 5028.33 3857.67 3861 3100 2648.33
6400 11591 6823.33 5064.67 3891.67 3887.33 3139 2682
6500 11738 6866.67 5106 3920.67 3907 3166.67 3066.67
6600 11851 6884.67 5174 3950.33 3933.67 3194.33 3193.67
6700 12005.3 6909.33 5143 3960.67 3971.67 3219.33 3204
6800 12103 6954 5179.33 4006.67 3999 3235.67 3275.67
6900 12225 7028.33 5218.67 4033.33 4028.67 3301.33 3270
7000 12344 7003.67 5242 4058.33 4043 3298.33 3297
7100 12466 7068 5281.33 4074.67 4071.33 3327 3334.33
7200 12587.7 7284 5464.33 4141.67 4137.67 3388.33 3354.33
7300 12740.7 7270.33 5430.67 4203 4152 3448.33 3497.33
7400 13018 7281 5478.67 4193.67 4191.67 3449.67 3415
7500 12942.3 7236.33 5493 4341.33 4377.33 3743 3637.67
7600 13930 7312 5505.33 4343.33 4309 3503.33 3474
7700 13336 7270.33 5460 4304 4251 3567.67 3496
7800 13276.7 7425 5480.33 4586.67 4304 3875.67 3546
7900 13405.3 7303.67 5542.33 4848 4316 4200.67 3561
8000 13652.3 7355.67 5536.67 5085.33 4353 4434 3640.33
8100 13653.7 7369.67 5560.33 5363.67 4399.33 4372.67 3609.67
8200 14252.7 7924 6087.67 6101.33 4911.33 4903.67 4132
8300 14989.7 8486 6628 6619.33 5370.67 5364.33 4535.67
8400 15420 8836 6811 6835.67 5592.33 5595 4629.67
8500 15972 9036.33 6962.33 7009 5647.33 5575 4641.67
8600 16070.7 9100.67 7157 7108.33 5592.33 5684.67 4638
8700 16382 9152.33 7075 7098.67 5620.67 5631.33 4647
8800 16599 9218 7100.33 7097.67 5638.67 5639.67 4702.33
8900 16874.7 9310 7287.67 7261.33 5720.67 5675 4766
9000 17102.3 9322.33 7172.67 7267.33 5741.33 5743.33 4754.33
9100 17770.3 9444.33 7216 7180.33 5726 5727 4773.67
9200 17608 9451.67 7211.67 7225.33 5767 5775.67 4811.33
9300 17802.7 9500.33 7241.67 7269.33 5800.33 5794.33 4856.67
9400 18027.7 9541 7286.67 7277.33 5839 5880.33 4921.67
9500 18416.7 9820.67 7477 7415.67 5947.33 6063.33 5187
9600 19289.7 9941.67 7438 7704 5978.33 6030.67 4963.33
9700 19058.3 9839.67 7420.67 7374.67 5899.33 5916 4943.67
9800 18839.7 9689 7413.67 7397 5933.67 5936 4998
9900 19408.7 9757.33 7459.33 7659 6045.33 6015.33 5010
10000 19233.3 9756.67 7474.67 7525.33 6206 6373.67 5289.33
10100 20169.3 10053 7501.33 7557 6017.67 6026.33 5079.67
10200 19713.3 9869 7649 7589.67 6087.67 6094 5125.67
10300 19809.3 9979.67 7695.67 7547.33 6275 6192.33 5179
10400 20109.7 10362.3 8070.33 7652.67 6591.33 6114.33 5157.67
10500 20148.3 10436 8251 7617.67 6895.67 6133.33 5188
10600 20306.3 10557 8494.67 7644 7190.67 6174.33 5232.67
10700 20556.7 10874.3 8779.67 7827.33 7679.33 6197 5263
10800 20665.3 11035.7 9249 7851 7835.33 6269.67 5321.33
10900 20826 11395.3 9355.67 7801 7783.67 6982.33 7812.67
11000 21183.3 11684.3 9533.67 7807 7763.33 6330.67 5385.33
11100 21181 11824.3 9855.67 7856.67 7801.67 6314.67 5376
11200 21293.7 11986.7 10063 7901 7985.67 6381.67 5440.67
11300 21500.3 12505.3 10539.7 8077.67 8154.33 6577.33 5633.67
11400 22393 12277.3 10275 8058.67 7981.33 6475 5713.33
11500 22421 12520 10221 7918.67 7931.33 6630 5529
11600 22044 12671 10323.7 7984 7941.33 6476.33 5576
11700 22252.3 13075.3 10346 8017 8015.33 6495.33 5542.33
11800 22190.3 13160.3 10373.3 8014.33 8018.33 6509.33 5576.33
11900 22277.3 13211.3 10351 8339.33 8252.67 6598.33 5647
12000 22524 13439.7 10435.3 8067 8106 6592.33 5634.33
12100 22645 13625 10433.7 8321.33 8240.67 6628.33 5707.67
12200 22903.7 14156.7 10563.7 8165 8174.33 6661.33 5715
12300 22920 14002.7 10503.7 8152 8164.67 6757 5731
12400 23139.7 14084.7 10520.7 8213.33 8204.67 6699.33 5754.67
12500 23620.7 14121.3 10538.7 8223.67 8226 6824 5961.67
12600 23533 14699.7 10740.7 8308.33 8305.67 6765.33 5893
12700 23877.3 14175.7 10623 8408.33 8330.67 6816 5975
12800 23999.7 14407 10721 8372.67 8354.67 6848.33 6017.33
12900 24014.3 14408 10678 8331 8336.33 6834.33 6286
13000 24169.3 14286.3 10777.3 8423 8390.67 6934.67 6668.67
13100 24096.7 14347.3 11040 8509.33 8460.67 6960 6976.67
13200 24478.7 14410.3 10780.7 8428.67 8443.67 6942.67 6919
13300 24380.3 14864 11065.7 8676.33 8726 7154.33 7145.67
13400 24969 14962 11119 8765 8728 7151.67 7132.33
13500 29035.7 14639.3 11099.3 8752 8755 7205.33 7177.33
13600 25407.7 14837.3 11245 8610.67 8862 7195 7261
13700 25401.3 14957.3 11281.3 8809.67 8764 7239.67 7178.33
13800 25480 14702.3 11129.3 8829 8968.67 7256 7190.33
13900 25678.7 14965 11208 8898 8876 7360 7349.33
14000 25479 14932.3 11298 9041 8870.33 7329 7329
14100 26080.3 14913.3 11154.7 8765.67 8822 7327 7375.33
14200 26146.7 15164.3 11412.3 8954 8916.33 7262.33 7281.33
14300 25838 14728 11181.3 8763.33 8785 7247.67 7254.33
14400 25723 15128 11547 9064.67 8995 7443.67 10610.3
14500 26440.7 15144.7 11410.7 8978 9068.67 7551 7494.67
14600 26447 15155 11505.7 8945 9017.33 7414 7421.67
14700 26810 14982.7 11337.7 9136 9193.33 7620 7566
14800 29378.7 15180 11562.3 9026.33 8998.33 7573.67 7608.67
14900 26957.3 15099.7 11406 9040 9044 7574.33 7637
15000 26983 15412.7 11620.7 9217.67 9163.33 7589 7674.67
15100 27016.7 15426.3 11625.7 9336.67 9264.67 7688 7683.67
15200 27240.3 15328 11788.7 9272.67 9284 7591.33 7587
15300 27055 15541.3 11691 9336 9373 7743 7644
15400 27260 15255.3 11601.7 9199.67 9111 7706 7590.67
15500 27036 15621 12001.3 9844 9452.33 8298.67 7853.33
15600 27641 15343.7 11869.3 9860.33 9262.67 8459 7770.33
15700 27465.7 15489 11854.3 10205.7 9325.67 8804.67 7687.67
15800 27345.3 15378.3 11903.7 10574.7 9437.33 9067 7867
15900 28018.3 15395 11775.7 10650.3 9365 9349.67 7832
16000 27865 15633.7 11975 11057 9407 9439.67 7942
16100 28251.3 15742.7 11942 11402 9653.33 9565 8252.33
16200 28787.7 15473 11849.7 11432.7 9486.67 9461.33 7909.67
16300 28144 15539.7 11892 11675.3 9504.67 9510.33 7952.33
16400 29586.7 17218.3 13410.7 13350.7 10845 10775.7 9167.67
16500 30511 17997.7 14246 14059.7 11723 11740.7 9898.33
16600 31693.3 18049.3 14346 14437 11893.7 11855.3 10176.7
16700 31595.7 18311 14370.7 14244.3 11694.7 11699 9938.33
16800 31660.3 18486.3 14571.3 14868.7 12033.3 12159 10177
16900 32801.7 18552 14727.3 14707 12032.7 12062 10384
17000 33261.3 18635.3 14767.7 14917.7 12468.3 12336.3 10404
17100 33557.3 19366 15125 14980.7 12098.3 12032.3 10072
17200 33100.3 18945.7 14831.3 14829.7 12018.3 12013.3 10092.7
17300 33279 18965 14933.7 14895.3 12085.7 12080.3 10213
17400 33919.3 19258 15050 15254 12382.3 12244.3 10344.3
17500 34594.7 19814.3 15356.3 15146 12214.7 12373.3 10297.3
17600 34664.7 19627.7 15333 15142.7 12234 12278.7 10329.7
17700 34564 19467.3 15269.7 15177.7 12249.3 12300.3 10339.3
17800 34913 19910 15431 15300 12337.3 12382.7 10423.7
17900 35379 19500.3 15142.7 15129 12266 12251.3 10332
18000 35054 19558 15202.3 15212.3 12277.3 12273 10351
18100 35355 19630.7 15346 15536.7 12642.3 12475.7 10609.3
18200 35918.7 20131 15270.7 15254 12333 12323 10405.7
18300 45127 19717.3 15304.3 15362 12382.7 12363.7 12976
18400 37509.7 19877 15361 15341 12446 12421 10519.3
18500 36391.3 19862.7 15392.3 15401.7 12486 12523 10599.7
18600 37336 19917.3 15436.3 15447 12513.7 12491.7 10579.7
18700 36973.7 20136.3 15508 15512 12671 12626 10584.7
18800 40608 20144.3 15675 15480 12613.3 12694.7 10811.7
18900 37480.7 20256 15620.7 15705 12595.3 16669 10806.3
19000 37800 20285.7 15693 15725.3 12749.3 12686.7 10804.7
19100 38089 20259 15627 15709.3 12894.3 12736 10825.7
19200 38193 20408.7 15899.3 15916 12870 12796.3 10881.3
19300 37948 20544 15864.3 15784.7 12847.7 12886.7 10833.3
19400 38888 20613.3 15932.3 15933.3 12849.7 12863 11096.7
19500 38479.3 20559.7 15871.7 15883.7 13282.7 13076 11167.3
19600 39878 20847.7 16159 16042.7 13172 12997.7 10911
19700 39016.3 20637.7 15993.3 16522.7 13563 12991 14123
19800 39750.7 20564 16419.3 16115 13187 13231.7 11315.7
19900 43464 21113.7 16188 16227 13203.7 13193.3 11252
20000 40196 20941 16432.3 16302.7 13202 13193.7 11178.7
20100 40548.3 20896.3 16446.3 20316.7 13321.3 13269.7 11261.7
20200 41100.7 20807 16219.7 16209.3 16449 13099.3 11312
20300 40826.7 20808.3 16292.3 16323.3 13348 15331.7 12666
20400 40821.7 20848.3 16243.3 16313.3 13232.7 13176.7 11387.3
20500 44408 21084 16253.7 16284.3 13438 13180.3 11373
20600 40892 21351.7 16556.7 16224 13632.3 13351.3 11293.7
20700 41729.7 21872.3 17610.3 16738.7 14093 13261 11458.3
20800 42243.7 22069.7 17019 16234 14196.7 13266.3 11248.3
20900 41139 21752 18075.3 16273.3 15152.7 14658.3 11507
21000 41650.7 22649.3 17474 16252 14915.3 13284.3 11440
21100 41447.7 22290.3 18002.3 16591 15420 13485.7 11606
21200 42219.7 22718.7 18363.3 17332 15930.3 13625.7 11528
21300 42818.7 22532 18390.7 16519 15823.7 13420.7 11481.3
21400 41980 22808.3 18517.7 16477.3 16089 13474.7 11443.3
21500 42622.7 23512.7 19494.3 16960 16923.3 13526 11799.7
21600 46670.3 23231 19336.3 16815 16838 13677.3 12114.3
21700 44389 23506 19467.7 16657.3 16509.3 13441.3 11663.3
21800 42561 23898.7 19995.3 16751 16934.3 13885.3 11744.3
21900 43081.3 23599 19760.3 16619 16777 14092.7 12281.3
22000 43888 24449.3 20675.7 16839 16912 13836 11911
22100 43350.3 24345.3 20636 16909.3 17051 13965.7 12158.7
22200 43741 24165 20565.7 16582.3 16557 13614.3 11681.3
22300 43310 24447 20810.3 16637.7 16594.3 13621 11746
22400 43566 25074 21353.3 17184.3 17176.7 14012.7 11963
22500 44428.3 25388.3 22640.7 17027.3 16813.3 13892.3 12142
22600 45729.3 25070.3 21360.7 16711 16707.3 13747 11970.3
22700 46344.7 25377.3 21631 17018 16987.3 13931 12009
22800 44589.7 25823.3 22378 17122 17127 14198.7 12179
22900 46118.3 25824 21479.7 17136.7 17087 14276 12142
23000 45914.3 26440.7 21785.7 16961.3 16975.3 14032.3 12247.7
23100 45291.3 26763.7 22079 17466 17568.3 14303.3 12318
23200 45825.3 26925 22043 17341 17335.7 14227 12273
23300 45502.3 27047.3 22160.7 17421.3 17152.3 14295.3 12163
23400 45480 26657 21653.3 17004.7 16982.3 13981.3 12077.3
23500 45654 27643.7 21970.7 17313 17522.7 14315 12400.7
23600 46838 27306 21695.7 17056.3 17054.7 14036.7 12147
23700 45463.7 27765.3 22037.7 17943.3 17651 14414.7 12434.3
23800 46856.7 28986.7 22177.7 17558.7 17568.3 14506.7 12656.3
23900 47038.7 28118 22246.3 17470.7 17464 14468.7 12528
24000 46514.7 40290 22428.7 17677.7 17597.7 14573.3 12318.3
24100 46311.3 29093.7 22251 17603.7 18270.3 14782.7 12732.7
24200 47990.7 28336 21972.3 17504.3 17953.3 14842.7 12641.7
24300 47254.7 28612.3 21942 17307.3 17314 14401.3 12409.7
24400 47106.7 29078.7 22115 17579.3 20678 14661.7 12694.3
24500 47657.7 29632.7 22233 17474.7 17517.3 14576 12789
24600 48186 28999.7 22115 17711.3 17867.7 14764 12786
24700 48185.3 29678.3 23057.3 17777.7 17723 14739.3 12802.7
24800 48352 29631.3 22600.3 18161 17835.3 15261.3 13037.7
24900 48440 29298.7 22386.7 17794.7 17826.3 14735 12833.7
25000 48426 29833.3 22808.7 17795.3 17598.3 14740.3 12900.7
25100 48020.3 30040.3 22595.3 17949 17772.3 14641.3 12767.3
25200 48220 29564.3 22598.7 19759 18201.3 14883.3 12986.3
25300 48627.3 29820.7 22389.7 17604.3 17587.7 14615.3 12751
25400 48498 29379.7 22277 17826.7 17625.7 14650 12781.3
25500 49010.7 30165.3 22946 18902.3 18145 15443.3 13074.7
25600 49523.3 30116.7 22939 18294 17927.7 14843.3 12952.3
25700 49008.3 30635.3 22915.3 18392.7 18160 15001 13565
25800 50005.7 29465 23020 17868.7 17869 14903.3 13722.7
25900 48966.7 30478 23352.3 18247.7 18335.7 15227.7 14285.3
26000 49610.7 30222 24102.7 18084.7 17957.7 14803.3 14525.3
26100 50229.3 29837.3 22578.7 17917 18054.3 15065 14923
26200 49417 29899 22648 17958.3 17935.7 14976.3 15839.3
26300 50695 30061.3 22722.3 18007 17998.3 14982.7 14974
26400 49699.3 30268.7 23189.3 18351 18325.3 15347.3 15493
26500 50820.3 30665 22950.3 18146 18123.3 17602 15341
26600 61561.7 30319.7 23363.3 18614.7 18278.7 15165.7 15065
26700 50041.7 30023.7 23148 18136.7 18426.7 15117 15068
26800 49953.7 30396.3 23178 18405.7 18433.3 15347.3 15341
26900 50939 30392.3 23246 18463.3 18402.7 15151 15078.7
27000 50301.3 30128.7 24773.7 18338 18243.7 15187.7 15159
27100 51073.3 30567.7 23325 18612.3 18278 15173.7 15166.3
27200 50499 30031.3 22969.3 18560.7 18301.3 15555.3 15563
27300 51627.3 30677 23145 18247 18583.3 15292 15289.7
27400 51431.7 30101 22981.7 18535.7 18399.7 15332.7 15247.3
27500 51276.7 30375 23213 18357 18312.3 15291.7 15299
27600 51083 30290.3 23098.7 18347 18324 15343 15335.3
27700 51556.3 30394.3 23088.7 18366.7 18366 15338.7 15358.3
27800 51328.3 30266 23163 18433 18440.3 15417 15400.3
27900 51444.3 30311.7 23174 18474.7 18432.7 15728.3 16728.3
28000 52627.7 31058.3 23679.3 18962.7 18866.7 15772.7 15756
28100 52652.7 31094.7 23736.7 19536.3 19157.3 15740 15878.7
28200 53444.7 30455.3 23309 18569.3 18585.3 15533 15534.7
28300 52533.3 30576.7 23395.7 18567.3 18545.7 15615 15587.3
28400 52105 30455.3 23376.3 18624.7 18661.3 15629.7 15589.7
28500 52203 30435.7 23318.7 18621.7 18636.7 15615.3 15700
28600 52377.7 31134.7 23836.3 19049 19030.3 15967.7 15958.7
28700 53550 30639 23484.3 18741 18728.7 15877.7 15993.7
28800 53504.7 31176.3 23964 18778 18788.3 15725.7 15722
28900 52678 32598 25145 19011.7 18903.3 15808.3 15825.3
29000 52880.3 30822.7 23744.3 18888 19046 16085.3 16112.3
29100 53881 31318.7 23625.7 18919 19081.3 16181 16189.3
29200 53716.3 31019.3 23730 19099.7 18977 16038.7 15976.7
29300 54013 31415 24020.7 19335.7 19291 16220 16218.3
29400 53570.3 30898.7 23674.3 18964.7 19081 16218.7 16325.7
29500 53571 31223.3 23835 19499.7 19501 16286 16002.7
29600 53859.3 31020.3 23867 19060.7 19044.7 16011 16058.3
29700 53758 31025 23820.3 19075.7 19082.3 16047.7 16043
29800 53928.3 31149.3 24976 20265.3 19156 16265.3 16209.7
29900 54536.3 31469.7 24180 19311.3 19331 16211 16213.3
30000 55139.7 31512 24493 19453.3 19339.7 16272 16323.7
30100 54802.7 31582.7 24352.3 19569.7 19454.3 16402.7 16391.7
30200 55129 32204.3 24520.7 19812 19807 16597 16511.7
30300 55179.7 31694 24396.7 19478.7 19581 16572.7 16406.3
30400 59402.7 31996.3 24332.7 19533.3 19579.7 16525.7 16621
30500 55423.7 31960.3 24566.7 19635 19684 16468.3 16490.3
30600 58249.3 32070.3 24419.3 19722 19664.7 16741.7 16774.3
30700 55757.3 32005 24521 19809.7 19713.7 16716.3 16572.3
30800 55829.7 32621.7 24949.7 20320.3 20051.3 17103.7 16725
30900 56684.7 32371.7 24723.3 20202 20049.3 17387.7 16954
31000 57124.7 32188.3 24625.3 20536.3 24114.7 17570.7 16733.7
31100 56434 32537.7 27981.7 20897.7 19994 18043 16857
31200 56909.7 32355.3 24817 21060 19800.3 18575.3 16843.7
31300 59533.7 32184.7 24821.7 21341.7 19920 18703 16991.7
31400 59435 32240.3 24921 21859 23786 19127.7 16955.3
31500 56699.3 36164.3 25102 22199.7 20464 19750.3 16921
31600 57207.3 32373.3 25153.7 22288.7 19902.7 19511.7 17131.3
31700 61602 36709.3 24956 22371 20128.3 19915 16958
31800 60381.7 32474.7 28293.7 22755 19926.7 20114 17058.3
31900 57210.7 32379.3 24909.7 23144 20149.3 20186 17088.7
32000 60807 32330.7 25111.7 23173 20127 20165 17310.3
32100 61317.7 32562.3 25140 23475 20188 20547.7 19997.7
32200 57672.3 32830.7 25190.3 23761.7 20306.3 20341.3 21348
32300 57826.3 32541 29447 24068.7 20260 20499 17369
32400 63084.7 32674.3 25134.7 24306.7 20398.7 23580.3 17131.7
32500 57815 32351.7 24935 24233.7 20240.3 20302.3 17116
32600 57324.3 32752 25181 24829.3 20450.7 20323 17226.7
32700 58359.7 33489.7 25506.3 24970.3 20205 20376 17100.7
32800 60648 35256.3 27860 27848.3 23097.7 23149 20165.3
32900 62339.7 36922.7 29356 29486.3 24446.3 24389 21211.3
33000 63734.3 37469.3 29965 30111.3 25010 25025 21502.3
33100 63000.7 37241 29743.3 29744.7 24789.3 24851 21399.7
33200 64892.7 38625.7 30465 30070.7 24760.3 24972.3 21960
33300 64821 38052.3 30222.7 30329.7 25124.3 25246.7 21693
33400 64560 37801 30177.7 30168 25511.3 25510.3 21944.7
33500 65684 38580.3 30851.3 30870 25678 25633 21990
33600 66067.7 38129 30478.7 31043 25759.7 25709 21630
33700 65462.7 38793 30964.7 31061 25573.7 25610.7 21829
33800 65996 38596.7 30840 31090.3 25441.7 25462 21863.3
33900 67612.7 39355.3 31418.3 31406.7 25981.7 26065.3 22098
34000 67470.3 39105.7 31004 31034 25584.3 25543.7 21743.3
34100 66624 38927 31067.3 31060.3 25565.3 25534.3 21734.7
34200 67025.3 42864.3 31525 31239 26028.7 26544.7 22461
34300 68477.7 39234.3 31200.3 31198 25660 25689.3 21850.3
34400 67578 39598.3 31518.7 31575.7 25906.7 25883.3 22049
34500 68420.7 39705 31692 31600 25990 26039.3 22115.3
34600 68796 39912 31431.7 31445.3 26033.7 25935.3 22117
34700 69552.3 40164 32343 32375.3 26568 26453.3 22578.3
34800 70642.7 40565 32241.7 32250.3 26295.7 26312 22446.3
34900 69389.7 39839.3 31622.7 31791.3 25933 25901.3 22059.7
35000 69309 39959.7 31678.7 31814.3 25913 25898.3 22185
35100 70150.7 40211 32009 31859 25971.3 26318 22600
35200 71350.7 40134.7 31831.3 31992.3 25990.7 26290.3 22292.3
35300 74267 40542.3 32203.7 31891.7 26025 26012 22190.3
35400 71083.7 41496.7 32483.7 32829.7 26777.7 26252 22321
35500 71615 41023.3 32909.3 32162.7 26406.7 26137.3 22499.7
35600 71242 41636 32899 32598.3 26303.7 26325.3 22492.3
35700 72937 40924.3 32176.3 32195.7 26534.7 26524.7 22815.3
35800 72146.7 41220.7 32657 32597.3 26795.7 26362.7 22841.3
35900 72440 41373 32458.3 32174 27732 26555.7 22891.3
36000 73025 41225 33237.3 33508 26677.3 26421 22637
36100 72988.7 42349.7 33282 33094 27606.7 27108.7 23059.7
36200 74490.3 41128.3 32266 32476.3 27898.7 26597.3 23034.7
36300 74403 41970.7 33222 32620 26851 26964.7 23152.3
36400 73575.3 40957.7 32269.3 32190.3 26394.7 26373.3 22734
36500 75391 42374.7 33235.3 32992.7 27088 26737.7 22739.7
36600 73393 41913 32390.3 32290 26471 26441.7 22875.7
36700 75841.7 42701.7 32600.7 32644 26502.7 26716.7 22764.3
36800 74451 41667.3 32678.3 32354.7 26803.3 26565 23069.7
36900 74539 42764 34042.3 32475.7 26586.7 26565 22890.3
37000 75444 42164.3 32712 32734.3 26886.3 26904.7 22925
37100 75818.3 41424.7 32460.7 32916.3 26934.3 26931 23129.3
37200 76651.7 42106 32961.7 33027.3 27062.7 27174.3 23064
37300 78926.7 42240.3 32850.7 33077.3 27122 27141.7 23350
37400 76466.3 42442.3 33075 33176 27238 30810.3 23531.3
37500 76157.7 42270.3 33178.7 33039 26994.7 30776 23590.7
37600 76022.3 42291 33432 33601.7 27865.7 27668.3 23936
37700 77995.3 43418.3 36609 33343.7 27390.3 27464.3 23725.3
37800 77539.7 44724 32831.3 32864 27442.7 27506 23568.7
37900 78544.3 43486.7 38641.3 33558.3 27657.3 29352.3 24274.7
38000 77970 42863.3 33914.3 33788.3 31308.3 30286.7 23820.7
38100 78184.3 43190.3 33608.3 33558 28083.3 27423 23540
38200 79052 43386.7 33565.3 33563.7 27761.7 27822 28055.7
38300 79616.7 43407 33678.3 33550.3 27658 28352.3 24080.3
38400 80008 42877.7 33657.7 34090 27909.7 27946.3 24014
38500 79927 44359.3 33805 34431.3 27652.3 27777.7 23755.7
38600 80319.3 43172.3 33840.7 36625.7 27959 30525 24643.7
38700 83552.3 43273.7 33870.3 33713.3 31465 27891.3 23974.3
38800 82463.3 42849.3 33337.7 33399.7 27537.3 27577.7 23984.7
38900 79438 42700.7 33276.7 33431.7 27444.3 27331.3 23796.7
39000 79332.3 42967.3 33677 33508.7 27560 27593 23714.3
39100 83774.7 43045.3 34276 33867.3 28081.7 28173.7 24287.7
39200 81036.3 42648.7 33802 33745.7 27913.7 27828 23961.3
39300 80084.7 42957.7 33185 33780 27325.3 27404 23643.3
39400 79194.7 42820.7 33504 33857 27815.3 27392.3 23915.7
39500 79479.7 42696.3 33558.3 33742 27578 27821.3 23792.7
39600 79648.7 42649.3 33503.7 33343.7 27825.7 27467.7 23629.7
39700 79986.7 42472.3 33493.7 33999.3 28016 27536.7 23689.7
39800 80989.3 42689 34020 34137.7 27635 27752.7 24132
39900 80242.3 43315.7 34076.3 34038.3 28037.3 28030.3 24193.7
40000 81813.7 42578.3 33480 33466 27603.3 27583 23782
40100 80604 43011.3 33472.7 33514 27653.3 27619.3 23864.7
40200 81517 42575.7 33480.7 33475 27670 27657 23864
40300 80903 42790 33563.3 33546 27660.3 27683 23890.7
40400 81080.7 42816.3 33601.3 33543 27893.3 28146.3 23935.3
40500 81334.7 42753.3 33620.7 33731.3 27728 27747.7 23969.7
40600 81679.7 42818.3 33685 33728 27820.3 27880.3 23987.3
40700 81755.3 42805 33664.3 33645 27879 27859.3 24034.7
40800 81968 42787.3 33675 33721 27828 27894.7 24069
40900 82020.3 42948 34077.3 34367.7 28395.3 28459.7 24600
41000 83718.3 43806 34499.3 34384.7 28559 28446 24622.7
41100 83438 43319.3 34143.3 33802.3 28324.7 27944 24168
41200 82764.3 44179.3 35094.3 34497.3 29187.7 28510.3 24662.7
41300 84341.7 44369 35412.7 34504.7 29536.7 28355.7 24219.7
41400 83131 43756.3 34970.7 33890 29396 28043 24250.7
41500 83271 44073.3 35258.7 33963.7 29612.7 28109.7 24323.7
41600 83573.3 44317 35475 33960.7 29974 28098.7 24314.7
41700 85011 44553.7 35816 34015.3 30298.7 28181 24345.3
41800 83961 44688.7 36029.7 34040 30631 28346.3 24872.7
41900 85862 44950.7 36263.7 34093.3 31026.3 28223 24478
42000 84117.3 45997 37211.3 34783.7 31835 28808.3 24962.7
42100 85733.7 46130 37463.7 34827.7 32223.3 28841 24663.7
42200 84548.3 45595 37025.3 34257.3 31923 28324.7 24512
42300 84582.7 45701 37282 34288 32180.7 28380 24980.3
42400 85201.3 46935 38317.7 34760.3 32499.7 28399.3 24638.3
42500 85046.7 47080 38544.7 34972.7 33511.7 28962.3 25140.7
42600 86703 46691.7 38067.3 34332 33237.3 28565.3 25150
42700 86662.7 47669 39317.3 34786 33553.3 28521.3 24766.3
42800 86135 46812.3 38628 34413 33799.3 28503.7 24773.3
42900 86009.7 48208.7 39054 34494.3 34150.3 28624 24785
43000 85876.3 48155.7 39920 35198.7 35153.7 29165 25291.7
43100 86301 47485 40071 35150.7 35199.3 28881.7 24889.7
43200 86162.3 47670.7 40003.3 35294.7 35225.3 29211.3 25354.3
43300 87433.7 47925.3 39974 34582.7 34565 28693 24950
43400 86543 48077.3 40154.7 34615.3 34694 28755 24983.3
43500 86659.3 49162.3 41331.3 35403.7 35347 29312.3 25434
43600 88485 48545.3 40779.7 34709 34732 28880.3 25037
43700 87034.3 48811 41108.3 34765.7 34747.3 28852 25066.3
43800 87287 48923.3 41257.3 34730.3 34775.7 28893 25088.3
43900 87620.7 49071.3 41551.3 34778 34757.3 28900 25120
44000 87463.3 50231.7 42551.7 35519.3 35586.7 29481.3 25636
44100 89229.3 49507.7 41994 34857 34858.3 28956.3 25235.7
44200 87874.7 50645 43078 35614.7 35623.7 29524 25719
44300 88152 51580.7 43944 36186.3 35758.3 31471.7 26892
44400 89595.3 51155 42910 35139 35344.7 29794.7 25778
44500 89694.7 51213.7 43682 35895 35623.7 29675 25790
44600 89932.3 50792.7 43267 35190 35182.3 29269 25452
44700 88928.3 51924 44497.7 35654.7 35583.3 29661.3 26084
44800 91533.7 51478 44489 35156 35124.3 29566.7 25913
44900 89354 52070.3 44935 35828.3 35820.3 29796.3 25939
45000 89265.3 51370.7 44795.7 37598.7 36013 29417.7 25506
45100 90017 51627.7 44569.7 35312 35335 29343 25599
45200 90753 51911 44521 35341 35258.7 29386 25552.7
45300 89498.3 51939.3 44563.7 35840.3 35689.3 29689.3 26148
45400 91957.3 53339.3 45611.7 35464.7 36675.7 29520.7 25696
45500 92076.7 52667.3 44656 35344.3 35368.7 29436 25746.7
45600 91300.7 53736 45432.3 35488 35673 29725.7 25918
45700 90294 52949.3 44711 35489.7 35527.3 29590 25857.3
45800 91347.7 53387.7 44941.7 36233 36177.7 29805 25871.7
45900 91101 54168.3 45002.3 35977 36257 30559.7 26375.7
46000 91052.7 54013.3 45391 36241.7 35963.7 29909.7 26140.3
46100 92526.3 54340.7 45752.3 35710.3 35755.7 29749.7 26106
46200 91567.7 54424.3 45765.3 36324.3 37172.3 30562.3 29550.3
46300 115366 54160 45114.7 35921.3 35797.3 30235.3 27063.7
46400 92771.3 55357.3 45609.7 35873 35718.7 29783.7 26044
46500 91848.7 55610.3 45760 35922 36157.7 29964 26559.7
46600 93787.3 56752 45767.3 36433.3 36082.3 29964.3 26397
46700 93630.7 55316 45244 35892 36206.7 30222 26431.7
46800 92824.3 55578 46043 36181 35876 29966.3 26217
46900 93115 56054.3 45598.7 36145.7 36562.7 30534.3 26704
47000 94023 57002.7 46553.7 36726.7 36425.3 30781 26615.7
47100 95578.7 56715 46094.7 36567 36027.3 30022.7 26412.7
47200 93676 57133 46091.7 37031 36761.7 30331.7 26548
47300 93118 57286.7 46366 36834 36631.3 30217 31891
47400 99647 57331.3 46133 36605 36295 30694.3 26935
47500 94921.7 57624.7 46183.7 36714 36758.3 30702.7 26883.3
47600 94825 56925.7 45424.3 36371.7 36078.3 30182.7 26441.7
47700 93414.7 56999.7 45452.3 36167.3 36119.3 30166.7 26508.7
47800 93389 58708 46700 37049 37107.3 30878 27142.3
47900 96432.7 57868 45983.7 36537.7 36446.3 30531.7 26778
48000 94455 58093.7 45950.7 36517.3 36541.3 30562.3 26881
48100 94760.3 58105 45602 36222.3 36278 30394.7 26717.3
48200 95788.3 59635 46815.3 36812 36823.3 30786 26928.3
48300 95302 58535 45810.3 36383.3 36449 30776.7 27596.7
48400 96217 58820.7 45682 36384.3 36566.7 30559 26731.3
48500 94499.7 58776 45707.7 36478 36643.7 30612 26800.3
48600 95005.7 59095 45763.3 36455.3 36598.3 30541 26828
48700 95145.3 58942 46098.7 37455 37170 31212.7 27383.3
48800 97057.3 59126.3 45824.7 36487 36472 30539.7 26969
48900 95260.7 60259 46530.7 37809.3 37838 31538.3 28185
49000 97795.3 59672.7 45968.7 37467 37213 31058.3 27093.7
49100 95531 59938 46001.3 36620 36676 30998 27636.7
49200 97404 60185.7 46012.7 38194.7 38081 31425 27423.7
49300 99041.7 62357 47503.7 37476.3 37307.3 31412.3 27629
49400 99534 61294.3 46943.3 37177.7 36959 31015 27389
49500 97368.7 60357.3 47074 37811.7 38258.3 31819.3 28168
49600 101735 60629.3 46628.3 37455.3 36940.3 30850.7 27178.3
49700 96508.3 60604 46450.7 37376 37412 31163 27472.3
49800 99609 60525.7 46859.3 37357 37428.3 31594 27276.7
49900 97585.7 61410 47027.3 37522 37334 31226 27686.7
50000 98817.3 60944.3 46935 37365.3 37363.7 32681.3 27511
50100 98787 61280.3 47310.7 37828.3 37607.3 31454.7 27774.7
50200 98722.3 61211.3 47134.3 37678.3 39821.3 31961.7 28320
50300 99059.3 60793.7 46914 37491 37598.7 31982.3 27909.3
50400 98776.7 61155.3 46896 37389.7 37280.7 31373 27563
50500 98280 61378.3 47005 37331.3 37494 31554 27905.3
50600 99571.3 61248 47108 37421 40338.3 32155 28166.7
50700 99217 60769.7 46500 37149.3 37188.7 31391.3 27560.3
50800 98187.7 61726 47112.7 37661 37971 31838.3 27961.3
50900 99366.7 61122 47089.7 37563 37580.7 31681 27790.3
51000 101484 61690 47238 37612 37612.3 31736.3 27696.3
51100 99676.7 61520.3 47414 37614.3 37687 31979 28053.3
51200 100662 61291.3 46978.7 37762.7 37476.3 31790 28323.3
51300 99875 60883 47188.3 37704 37728.7 31921.7 28176
51400 99116.7 61455.7 47284.3 37614.7 37375.3 31467 28520.3
51500 99591.7 60936 46987.3 37458.7 37438 31517.3 28925
51600 99455 60978.3 46852.7 37645.3 37579.3 32053 31141.7
51700 99565.7 61018 46947.7 37558.7 37475.3 31551.7 29699.3
51800 99762 61096.7 46925.7 37562 37524 31798.7 30704.7
51900 100882 61111 47014.7 37594.3 37590 31645 30524.3
52000 99979.3 62258.3 47696.3 38281 38337 31706.3 30978
52100 100707 61564 47677.3 37633 37628 31699.3 31246.7
52200 100263 61365.7 47188.7 38003.7 37749.3 32230 32073
52300 101366 62258.3 47695.3 38029.3 37738 32209.7 32168.7
52400 102314 63254.7 47826.7 38090.7 38948.7 32627 32780
52500 102032 61976.3 48173 38300 38862.3 32266 32196.3
52600 101785 62194 47755.3 38200.7 38377 32507.3 32313.3
52700 105176 93231.3 51483.7 40037.3 39053.7 32829.3 41776.3
52800 104275 62233.3 47948.7 38668.7 38235.7 32536.3 33029.7
52900 104365 63389 48191.7 38902 39112 32772 32594.7
53000 102981 63079 48966.7 38858 42101.3 32909 32602.7
53100 103616 62904.7 48666 39020 39070.7 32847.7 32644.7
53200 103922 62640.7 49068 38613.7 39421.3 32985.3 33024.7
53300 104339 63250 48618.7 38457.7 38892 33252 32720.3
53400 103886 62559.3 48247.7 38701.7 38655.7 32282.3 32168.7
53500 103149 65837 48189.3 38858 39022.7 32478.3 32511.3
53600 103309 62372.7 48600.7 38523.7 38701.3 32579 32700.3
53700 103357 61857 47666.3 38319.7 38307.3 33045.3 32791
53800 104195 62720.7 47770 38225.3 38288 32551 32434.7
53900 103406 62472 48327.7 38617.3 38709.7 32668 32874.3
54000 103557 62506.3 48569.3 38865.3 39042 33192 33218.3
54100 107930 63349.7 48591 38640 38806.7 33343.7 35384.3
54200 103883 63072.7 48159.7 38908.3 38793 32831.3 32579
54300 103929 62237.3 48606.7 43889 39276.7 32838.3 32836
54400 105660 63369 49497.7 38865 38511.7 32488.3 32475.3
54500 103632 63333.7 48825 39261.7 39318.7 33190 33226.7
54600 105465 63380.3 48830.3 39211.3 39203.3 33220 33165.7
54700 105629 62258.3 48119 38663.7 38566.3 32644.7 32704.7
54800 103865 63444.3 49409.7 39394.3 38966 33502.7 33170.3
54900 104901 62798.7 48575.7 38983.7 38963.7 32992.3 32663.7
55000 106210 64165.3 49176.7 39358.3 39269 33387 33370.7
55100 106711 62720 48420 38981 38981.3 33068.3 32866.3
55200 109220 62870.3 48315.3 38750.3 39027.7 32891 32994.3
55300 105285 64149.7 49620.7 39739.3 39626.3 33236.3 33384
55400 107085 63983.7 49183.3 39531 39185 33462.3 33101.7
55500 106120 63356.7 49109 39105 38860.7 32971.3 38226.7
55600 105637 63280 48496.7 43754.3 39154.7 32950 32911
55700 106047 62672 48417.3 38911.7 38964.3 33282.3 33600.7
55800 106399 62961 48824.7 39308 38972.3 33413.7 33034
55900 106444 63154.7 48391.3 38991 39064 33039.3 33036.7
56000 109459 64430 49469 40049.7 39793.3 33538.3 33941
56100 106354 62987.7 49735 39690.3 39601.3 33613.7 33269.3
56200 106018 63019 48649.7 41192 40382.3 33670.7 33266.3
56300 106521 63931.3 48809.7 39172 39631 33772.7 33725.7
56400 106083 63164.3 48998.7 39429 39767 33407.3 33632.7
56500 107943 63213.3 49037 39202 39218.7 33263.7 34235.3
56600 107075 62900 48820 39322.3 39244.3 33277.3 33275.7
56700 106570 64705 49660.7 40068 39465.7 33448.3 33408.7
56800 108811 64623.7 49622.3 39380 39641.3 34696.7 34597.7
56900 109925 63416 49175 39461.7 39416.7 33421.3 33402
57000 107711 63255.7 48867 39380 39631.3 33449.3 33629.7
57100 107738 63546 48911 39416 39477 33550.3 33528.7
57200 107043 65002.7 50237.3 40195.3 40490 34113 34085.3
57300 107821 64910.3 50044 40356.3 40489.7 34476 34437.3
57400 110284 63196.3 48925.3 39524.3 39482 33525.7 33521.3
57500 106983 64828.3 49373.3 39870.3 39884 33911.3 33862
57600 108071 63908 49613 39871.3 39777 33586.3 33672
57700 107696 64597 49967.3 40314.3 40373.7 34271 34237
57800 107656 64360 51567.7 40383.7 39982.7 33675.3 33733
57900 109252 66211 59394.7 50476.7 45394.3 35610 35446
58000 117227 65374 49494.3 39893 40488.7 36229.3 34448.7
58100 117111 66442 51120 40986.3 40691.7 34818.7 34955
58200 110038 65856 50530 40923.3 40698 34742.3 34641.7
58300 109726 65066.7 49806 40460 40932.7 35273.7 34500.7
58400 110779 65378.3 50704.7 40782 40779.7 34719.7 34736.7
58500 110784 65234 50612.3 41142.3 47964 35299.3 35052.3
58600 111928 65503.7 50646 41065.7 41221.3 34873.3 34712.7
58700 111649 63973 49908.3 40017.7 40006 33976.7 34224.3
58800 117641 65064 50626 40948.7 40952 34805 34620
58900 110575 64229 59514.7 41808.7 41913 35692.7 35379.7
59000 111733 66556.3 51197.3 41438.7 41107.3 35500 34983.3
59100 111369 64952.3 50709.7 40383.3 40243.7 34291 34825.3
59200 110699 65508.3 50852 40499.3 41057.7 35123.3 34876.7
59300 111948 65769.7 51060.3 40972.7 41461.3 35391 34834.7
59400 111221 64988.3 51053.7 41166.3 41340.7 34401 34346
59500 109775 64173 50545.7 40990.7 41005.3 34923.3 34727.3
59600 109944 64470.3 53750.7 41342.7 40979 34773.7 34616.3
59700 111783 64339.3 50635.3 41051.3 41071 35255.3 34648.7
59800 110302 66112.3 50900.7 42018 41710.7 35136.7 34677
59900 110154 64554 49936.7 40369 40356 34547.7 34457
60000 110677 64418.3 50006.7 40416.3 40395.7 34454.7 34443
60100 110393 66451 51102 41399 40822.7 34502.3 34527
60200 110571 64456.7 50158 41283 40671.3 35078 35141
60300 111912 66201.3 51503.3 51793.3 41746 35582.7 35109.7
60400 112545 66239 51629.3 41851 41498 35365 35442
60500 113098 66220 51585.3 41983.7 41700.3 34944 36736.7
60600 112728 66083.3 51357.7 41548.3 41403 34758 34639.7
60700 111770 65409 51340.7 41449.7 41441.7 34951.7 34866.7
60800 111425 65783.7 50412.3 40726.7 41951 34793 34769
60900 111384 64797 50370 40724.3 40745.3 35039.3 34833.3
61000 111400 66021.7 50287.7 40765 40894 34911.3 34959.3
61100 111634 65101.3 50378 40770.3 40906.3 35242.7 35039.7
61200 111812 64877.7 50402 40849.7 40983.3 34926 34861
61300 111855 64928.7 50370 41317.3 46195 35751.7 35484
61400 113491 66022 51397.3 41522 41302.3 35302 35286.7
61500 112946 67973 57301 41210.3 40973.3 35158 35073.7
61600 113272 65945 51481.7 41677 41715 36302.3 35572.7
61700 117696 66654 51196.7 42239 41769.3 36390.3 35629
61800 114435 66294 51619.3 42590 41810.3 36901.3 40203.7
61900 114263 66596.7 51460 42879.3 45469 37311.7 35457
62000 114145 66335.3 51770.3 43489 41831 37676.3 41114.3
62100 112881 66429.7 54091.7 43689.3 41851.3 37707.7 35931.3
62200 119044 70742.3 51748 43990.3 41864.3 38478.7 35825.7
62300 118482 66418.3 51785.7 44185.3 41817 42202.7 35939.3
62400 115549 66481.7 51663.7 44306 45577.3 38952.7 36021.7
62500 118938 66790.3 56419.7 44332.3 41352.3 39108.7 36006
62600 115461 70987.7 51732 44860 42387 39463 35934
62700 114580 66361 51864.3 45030.7 42005 39386 35805.7
62800 114466 66297.3 51372.3 45275 41948 40057.7 35663.3
62900 114772 66193.7 51606.7 45394.3 41836.3 40351.7 35695
63000 115063 66015.7 51458 45273 41579.3 40351.7 35884.3
63100 114931 65546 51099.7 45478.7 41541 40411.3 35538.7
63200 114013 65589.7 51201.3 45721 41544 40713 35629.7
63300 114385 65772.7 51178 45935.7 41634.3 41083 35576
63400 115716 65579 51218 46195.3 41631.3 41531.3 35683
63500 114376 65966.7 51209 46473.3 41821 42425.3 36358.3
63600 116653 65742 51537.7 46890.7 42515.3 41790.7 35733.3
63700 114573 65840.3 51339.3 47011.7 41747.7 41943.3 35723
63800 114765 65811 51405.7 47786.3 41771.7 41956.3 35836.3
63900 116191 65815.7 51404.7 47683.3 41868 41834.7 35840.3
64000 115044 65950.7 51467 47895.3 41884 41954 35857.7
64100 115174 65852.7 51364.7 48230.3 41878.7 41891 35913.3
64200 115236 65976.7 51412.7 48441.3 44421.7 41923 35952.7
64300 115761 66157.3 52149 49576.3 42763 42739.7 35966.7
64400 115478 66166.3 51608.7 49146 42028.7 41992.3 35992
64500 117152 66061.3 52113.3 49726.3 42140.3 42068 36017.3
64600 115756 66134.3 51690 49503 42065.7 42088.3 36141
64700 115726 66157.7 51675.3 49847.7 42137.3 42102.7 36096
64800 115995 66251 51692.7 50002 42479.7 43029 36885
64900 117893 66429.7 51862.3 50342.7 42199.3 42208.3 36259.7
65000 116175 67720 51787.7 50688 42287 42447 36201.3
65100 116370 66365.3 51759 50772.3 42281.3 42228 36236
65200 116504 66351 51800 51011 42273 42372.3 36799.3
65300 116639 67333 52603 51366.7 42346 42314.7 36825.7
65400 118775 66537 51955.7 51687.7 42377.3 42415.3 36340.7
65500 116692 67716 52877.7 52758.7 43137 43127.3 36618.7
65600 123812 75943 59107.3 58415.7 48870 48816 43712
65700 126814 74761.7 59672.7 59694.7 50156.7 50092 43928.7
65800 126159 76515.3 61549 61636.7 51745 51594.3 44752
65900 126788 76019 61017 61107.3 51321 51290.7 45050.3
66000 127347 76203.3 61464 62215 52842.7 57942.3 46107.3
66100 130674 76604 61781.7 61839 51959.3 51920 45773.7
66200 128579 76965 62296 62082 52169 52872.7 46829.7
66300 131455 77326.3 62426.7 63154.3 53401.7 52929 45823
66400 129635 79568 63555.7 65018.3 53538.3 52728 46739.3
66500 133049 79463.7 63692.7 62740.3 52954.7 53038.3 47643
66600 134927 80077 64674.7 64406.3 54242.7 54345 47345.3
66700 133655 80040.7 69736.7 65066.3 54509 54524.7 46927.7
66800 134244 79993.7 64539.7 64543.3 53270.7 53289.3 46269.7
66900 131817 78870.7 63607.3 63588.3 53407 53568.7 47131.3
67000 134504 80788.3 65032.7 65553.7 54370.7 54514 47378
67100 135331 79697.3 64562.7 64230.7 56398.7 54969.7 47679.3
67200 135203 79382 64188 64028 53616.3 53594.7 46501
67300 133681 81114 65825.3 64688 53627.3 53638.3 46414.7
67400 133571 80146.7 65199.3 65579.3 54157.3 53871.3 46494.3
67500 134083 79944.7 64541.7 64502 54751.7 54056 46497.7
67600 134381 82014.3 71767.3 67204.3 55290 55339.3 47653
67700 137389 82169.3 66733.3 67733 56425 55492.3 47907.7
67800 137512 82211.3 64975 68945.7 73663 54555 47460
67900 137207 81539.3 65848.3 65684.7 54739 54797.3 47073.3
68000 137381 82075 66157.7 66137.3 55037.7 55263.7 48002
68100 143179 82594 66945.3 66689 56015 55447 47345.7
68200 138851 83674.3 67415.3 66843 55332.3 55420 47548.7
68300 143382 82110.3 66019.7 65807.3 54554.7 54800.3 52644
68400 138207 82785 67043.7 65522 54321 54369 46986.7
68500 138706 83221 65819 66497.3 55594 55413.7 47862
68600 139596 82328.7 66874.3 66381.3 54983.3 54532 46956
68700 138912 82135.3 70980.7 66379.3 54964.3 55465 47863
68800 139857 83147.3 67906 66854.7 54900.3 54684.3 47121.7
68900 138899 86899.7 66618 66439.3 55931.7 55352.3 47887.3
69000 140283 82523.3 71731.3 67609.3 56582 56032 48322
69100 146790 89961.3 67534.7 67115.3 55537 54848 47038.7
69200 142194 83373.3 67101.7 66554.7 55772.7 54595 47142.7
69300 139616 83190.7 66325 67747 55952 54897 47390.3
69400 143657 85382.3 67632.7 67352.3 55886.7 55730.7 48015.7
69500 142626 84764.7 68546 68218.7 56215.3 56420.3 48324.3
69600 145024 86105 68214.3 67578.7 55873 55808.3 48364.3
69700 143774 83544.7 67199.3 66929.7 57337.3 56095.3 48857
69800 144955 84639.3 67285 66887.3 55856.3 55907.7 48269
69900 144307 83046.7 66556.3 66802.7 55060 54987.3 47726
70000 141876 83152.7 66579.7 66482 54854.7 54962.3 47463.7
70100 142171 84855.3 67955 67957 56037.3 56038 48387
70200 143996 83372.3 66647.3 67752.3 56122.3 56023.7 48433.3
70300 144948 83498.3 66788 66692.7 55092 55039.7 47698.3
70400 142713 83499 66699.7 66756 55161.7 55163.7 47617.7
70500 143362 83570.3 66816.3 66746.7 55408 55456.7 47752.3
70600 143407 84289.3 66779 66912.3 55198 55164 47650.7
70700 143497 83618.7 66890 66867.3 55349.7 55298 47793.7
70800 143786 83827 66924.7 66831.3 55316.7 55221 47737.3
70900 144415 83913 66960 66998.7 55313 55353.7 47799.3
71000 144287 84214.7 68050.3 68165.7 56416 56403.3 48272.3
71100 144638 85679 67949 67002.7 55333.3 55318.7 47920.3
71200 147222 84111.7 67039 67029.3 55486.3 55429.3 47832
71300 145163 84087.3 67315.3 67099.7 56216.3 55531.7 47934.3
71400 145715 84265 67143 67027 55408.3 55436.3 47927.7
71500 145602 85905.7 68516.3 68444 56509.3 56501 48877.7
71600 148588 84451.3 67356.3 67464 55575 56408 48937.7
71700 148645 86014 67676.7 67766 56627.3 56583.7 48820.3
71800 146506 84726 67281.7 67304 55614.3 55634.3 48198.3
71900 147847 85797 68654.7 68473 55755.7 55641 48077
72000 146781 84826 68454.3 67462 55764.3 55640.3 48079
72100 147192 84962 67388 67493.3 55788.3 55761.3 48186
72200 147241 86407.3 67661 67651.7 55839.7 55817.3 48271
72300 148855 85119.3 67472 67428.7 55818.3 55815 48383.3
72400 147657 85241 67640.3 67480 55822.7 55862.7 48406
72500 148344 85033.7 67610 68209.3 55809 55853.7 48332
72600 148489 85290 67558.7 67662.7 55944.3 55983.7 48500.3
72700 148613 85627.3 67662.3 67591 56203 56009.7 48435.3
72800 148682 86135 67615 67718.3 55932 55912 48538
72900 149233 85743.7 68592 68967 57141 57000.3