500 56 54 56 60 60 79
600 65 69 67 78 77 107
700 73 69 71 71 87 123
800 88 79 77 77 95 139
900 88 81 90 90 113 114
1000 89 82 88 110 92 120
1100 95 93 93 106 102 128
1200 94 94 95 109 109 148
1300 104 96 97 108 113 155
1400 110 101 108 106 124 167
1500 117 106 111 110 133 183
1600 118 109 114 115 140 200
1700 122 111 122 123 150 151
1800 129 121 132 131 165 165
1900 135 136 150 144 178 178
2000 141 136 144 151 154 194
2100 155 146 146 162 162 208
2200 157 152 152 173 172 224
2300 162 161 160 183 183 241
2400 166 169 169 195 194 258
2500 174 182 177 205 205 275
2600 185 188 188 210 217 293
2700 193 193 201 203 235 321
2800 209 199 205 204 242 331
2900 223 203 213 213 253 351
3000 236 209 223 223 271 371
3100 246 217 234 233 279 392
3200 247 228 245 243 292 413
3300 253 235 252 252 306 306
3400 265 262 263 262 319 319
3500 272 260 272 273 334 334
3600 276 260 284 283 348 353
3700 282 269 294 294 365 363
3800 289 279 304 304 377 378
3900 295 287 309 312 355 392
4000 304 295 309 322 322 408
4100 313 300 300 335 335 422
4200 323 314 315 349 349 438
4300 329 325 322 357 356 458
4400 338 327 328 370 367 471
4500 342 337 338 379 379 487
4600 347 346 345 390 391 511
4700 350 352 355 402 401 521
4800 359 365 362 413 413 539
4900 368 371 372 425 425 557
5000 376 380 381 437 437 575
5100 380 389 389 450 451 593
5200 393 403 401 450 461 612
5300 423 419 419 447 475 636
5400 418 414 421 423 486 650
5500 440 427 437 434 501 672
5600 445 421 437 437 514 691
5700 462 427 446 448 527 710
5800 476 434 456 458 539 730
5900 488 445 469 472 551 753
6000 507 452 480 479 564 771
6100 508 457 489 489 579 795
6200 518 467 502 501 591 817
6300 524 479 511 512 605 837
6400 529 490 520 518 619 857
6500 535 497 530 528 633 689
6600 539 506 539 539 647 649
6700 556 512 552 552 662 663
6800 561 520 562 560 676 675
6900 568 530 573 573 692 693
7000 581 541 583 583 705 705
7100 583 548 591 594 718 721
7200 592 567 617 615 746 754
7300 609 579 629 629 763 762
7400 618 587 641 639 778 781
7500 620 598 647 650 801 793
7600 629 606 658 659 809 809
7700 639 617 676 672 818 827
7800 648 625 659 671 792 826
7900 640 618 674 689 710 856
8000 663 640 671 700 700 872
8100 657 635 656 697 697 876
8200 674 648 644 714 714 891
8300 677 663 663 726 726 915
8400 687 671 676 741 742 922
8500 697 685 683 746 748 939
8600 704 692 690 760 757 956
8700 711 696 696 772 772 987
8800 731 767 709 804 780 997
8900 725 711 736 822 797 1132
9000 731 730 722 810 804 1049
9100 750 759 728 816 816 1040
9200 739 750 741 830 841 1081
9300 750 748 773 842 846 1093
9400 755 763 755 868 883 1105
9500 766 799 766 880 895 1123
9600 766 776 803 899 878 1136
9700 803 787 791 919 903 1179
9800 785 830 816 909 900 1167
9900 843 844 826 933 913 1214
10000 832 854 815 967 998 1293
10100 822 827 829 944 952 1250
10200 842 894 868 1179 983 1249
10300 862 847 868 1005 970 1269
10400 885 862 861 967 997 1337
10500 856 879 924 951 1015 1344
10600 881 878 881 932 1022 1320
10700 881 887 891 907 1015 1337
10800 901 888 898 896 1028 1359
10900 908 892 904 913 1057 1379
11000 923 900 914 919 1054 1400
11100 940 905 935 922 1096 1449
11200 959 914 956 1009 1152 1482
11300 969 902 941 941 1108 1466
11400 981 917 949 954 1111 1482
11500 995 921 967 966 1155 1512
11600 1033 939 990 987 1168 1576
11700 1023 936 987 988 1149 1590
11800 1052 952 998 1010 1166 1608
11900 1050 1008 1019 1018 1195 1611
12000 1061 968 1020 1022 1224 1624
12100 1074 971 1029 1039 1207 1630
12200 1082 981 1044 1043 1222 1682
12300 1093 994 1055 1050 1260 1691
12400 1111 1005 1066 1064 1255 1695
12500 1114 1013 1095 1082 1273 1718
12600 1143 1031 1090 1089 1286 1744
12700 1118 1046 1101 1102 1326 1764
12800 1129 1047 1111 1105 1310 1802
12900 1131 1060 1116 1159 1325 1614
13000 1167 1067 1130 1135 1337 1455
13100 1150 1074 1141 1138 1350 1356
13200 1151 1082 1150 1157 1371 1365
13300 1157 1098 1218 1163 1422 1475
13400 1215 1107 1212 1176 1442 1402
13500 1178 1100 1190 1188 1407 1407
13600 1196 1108 1193 1194 1423 1423
13700 1210 1117 1204 1204 1438 1438
13800 1215 1131 1223 1215 1453 1454
13900 1222 1148 1232 1224 1468 1468
14000 1243 1157 1238 1243 1484 1481
14100 1237 1161 1249 1248 1499 1496
14200 1252 1177 1260 1260 1512 1515
14300 1255 1186 1270 1276 1530 1530
14400 1260 1193 1285 1283 1544 1544
14500 1267 1204 1306 1303 1560 1560
14600 1270 1214 1317 1317 1579 1579
14700 1277 1230 1329 1325 1594 1593
14800 1279 1233 1339 1338 1610 1610
14900 1298 1244 1341 1342 1622 1623
15000 1301 1255 1357 1355 1646 1639
15100 1307 1267 1365 1362 1655 1655
15200 1317 1282 1376 1377 1671 1672
15300 1325 1283 1384 1383 1688 1687
15400 1334 1294 1401 1399 1684 1704
15500 1342 1298 1405 1413 1631 1715
15600 1349 1302 1483 1495 1579 1814
15700 1422 1332 1465 1497 1602 1748
15800 1366 1319 1407 1438 1487 1800
15900 1376 1328 1409 1456 1457 1791
16000 1386 1339 1427 1487 1465 1809
16100 1395 1369 1404 1521 1498 1891
16200 1403 1364 1416 1584 1538 1915
16300 1412 1383 1424 1525 1497 1847
16400 1437 1417 1395 1568 1521 1914
16500 1456 1425 1458 1560 1559 1916
16600 1447 1416 1413 1579 1591 1946
16700 1496 1423 1473 1623 1587 1942
16800 1470 1440 1440 1599 1574 1940
16900 1490 1491 1584 1630 1619 2015
17000 1538 1460 1479 1607 1615 2008
17100 1537 1497 1528 1650 1648 1990
17200 1523 1478 1477 1672 1653 2149
17300 1536 1510 1511 1620 1653 2087
17400 1579 1556 1533 1665 1663 2117
17500 1576 1563 1508 1696 1643 2098
17600 1537 1505 1515 1699 1700 2106
17700 1597 1628 1540 1672 1695 2160
17800 1800 1587 1537 1695 1688 2154
17900 1637 1661 1654 1723 1703 2140
18000 1561 1550 1546 1716 1748 2178
18100 1583 1552 1549 1716 1715 2188
18200 1581 1558 1635 1789 1783 2192
18300 1575 1611 1563 1749 1773 2259
18400 1584 1579 1572 1778 1755 2260
18500 1585 1638 1603 1778 1802 2406
18600 1599 1595 1647 1788 1798 2273
18700 1616 1613 1622 1828 1812 2325
18800 1609 1613 1614 1813 1813 2352
18900 1620 1651 1668 1885 1913 2367
19000 1619 1641 1656 1853 1863 2328
19100 1632 1668 1665 1894 1882 2392
19200 1668 1688 1685 1897 1891 2408
19300 1680 1700 1704 1914 1930 2418
19400 1685 1707 1751 1892 1932 2438
19500 1723 1779 1724 1941 1947 2485
19600 1713 1776 1761 1963 1958 2507
19700 1735 1717 1742 1991 1943 2561
19800 1753 1765 1721 1954 2032 2505
19900 1747 1751 1746 1969 1970 2581
20000 1709 1770 1782 1993 2003 2552
20100 1711 1752 1761 1973 2091 2602
20200 1788 1805 1759 2068 2057 2594
20300 1797 1786 1792 2089 2074 2626
20400 1766 1807 1782 2023 2010 2644
20500 1794 1812 1838 2042 2084 2650
20600 1803 1903 1815 2048 2052 2722
20700 1856 1849 1998 2104 2098 2723
20800 1798 1854 1858 2065 2102 2684
20900 1877 1857 1895 2029 2122 2812
21000 1886 1881 1856 1997 2146 2773
21100 1856 1857 1864 2009 2118 2735
21200 1861 1857 1897 1960 2157 2802
21300 1859 1863 1885 1956 2132 2769
21400 1866 1871 1888 1931 2150 2792
21500 1875 1873 1893 1898 2158 2815
21600 1890 1887 1909 1910 2175 2839
21700 1905 1902 1917 1918 2187 2854
21800 1930 1903 1931 1926 2202 2871
21900 1949 1915 1940 1943 2212 2892
22000 1959 1914 1949 1953 2227 2934
22100 1979 1926 1959 1959 2240 2935
22200 1989 1917 1967 1966 2256 2959
22300 2002 1918 1974 1976 2268 2974
22400 2010 1914 1994 1993 2296 3005
22500 2028 1925 1997 1999 2305 3105
22600 2046 1927 1999 1998 2315 3040
22700 2086 1943 2010 2010 2329 3065
22800 2083 1950 2024 2021 2345 3085
22900 2104 1949 2034 2032 2364 3111
23000 2111 1962 2055 2046 2374 3128
23100 2124 1967 2064 2062 2382 3146
23200 2160 1976 2077 2075 2394 3227
23300 2194 2019 2131 2128 2454 3253
23400 2208 2032 2137 2134 2472 3271
23500 2223 2041 2154 2147 2483 3300
23600 2238 2014 2126 2122 2454 3255
23700 2203 2026 2139 2134 2473 3282
23800 2221 2035 2146 2147 2485 3302
23900 2232 2045 2168 2178 2501 3320
24000 2245 2056 2176 2169 2520 3348
24100 2258 2098 2379 2401 2525 3364
24200 2268 2074 2192 2193 2545 3390
24300 2279 2078 2210 2211 2559 3408
24400 2289 2094 2216 2217 2569 3441
24500 2300 2097 2232 2227 2588 3478
24600 2312 2107 2241 2243 2603 3479
24700 2320 2122 2258 2258 2627 3501
24800 2321 2135 2274 2274 2633 3520
24900 2354 2155 2287 2287 2640 3542
25000 2344 2174 2310 2307 2669 3571
25100 2360 2185 2309 2311 2675 3599
25200 2360 2184 2326 2397 2839 3610
25300 2363 2196 2332 2333 2701 3633
25400 2370 2208 2335 2335 2717 3657
25500 2375 2220 2345 2348 2734 3680
25600 2384 2226 2359 2353 2747 3717
25700 2462 2287 2409 2405 2813 3602
25800 2442 2308 2429 2424 2832 3420
25900 2462 2299 2433 2437 2842 3251
26000 2408 2271 2394 2394 2804 3019
26100 2423 2275 2407 2409 2825 2843
26200 2438 2281 2458 2432 2838 2858
26300 2446 2288 2434 2426 2852 2857
26400 2447 2299 2441 2439 2868 2871
26500 2451 2312 2452 2452 2883 2887
26600 2453 2316 2465 2477 2899 2902
26700 2465 2335 2675 2655 3137 3169
26800 2526 2367 2539 2537 2983 2986
26900 2495 2332 2499 2517 2948 2946
27000 2505 2341 2559 2557 3023 3017
27100 2572 2395 2566 2566 3034 3034
27200 2576 2405 2578 2585 3042 3045
27300 2587 2418 2593 2593 3059 3059
27400 2620 2436 2607 2605 3077 3074
27500 2618 2441 2616 2616 3096 3090
27600 2622 2455 2636 2630 3110 3105
27700 2641 2468 2643 2645 3122 3122
27800 2662 2480 2649 2653 3156 3154
27900 2659 2497 2663 2671 3155 3157
28000 2688 2517 2679 2679 3171 3171
28100 2674 2514 2686 2684 3187 3187
28200 2673 2530 2698 2695 3148 3147
28300 2631 2500 2676 2675 3161 3163
28400 2701 2514 2683 2678 3179 3179
28500 2641 2522 2690 2676 3193 3193
28600 2660 2531 2697 2692 3214 3208
28700 2667 2521 2712 2715 3288 3292
28800 2720 2611 2777 2773 3245 3245
28900 2671 2548 2740 2795 3331 3319
29000 2738 2607 2811 2807 3339 3340
29100 2741 2627 2826 2825 3365 3361
29200 2747 2631 2835 2843 3308 3305
29300 2700 2587 2795 2794 3320 3326
29400 2711 2601 2810 2806 3335 3340
29500 2717 2625 2822 2815 3358 3357
29600 2725 2625 2821 2823 3368 3368
29700 2730 2632 2835 2835 3385 3385
29800 2739 2643 2843 2850 3402 3403
29900 2748 2656 2854 2862 3421 3417
30000 2755 2714 2914 2918 3444 3439
30100 2771 2677 2878 2882 3455 3452
30200 2782 2692 2889 2897 3595 3539
30300 2902 2738 2937 2903 3554 3498
30400 2820 2763 2942 2993 3514 3552
30500 2862 2759 2994 2968 3630 3582
30600 2868 2758 2944 2952 3540 3554
30700 2831 2765 2957 2958 3550 3552
30800 2838 2760 2973 2980 3531 3582
30900 2848 2808 3032 3028 3479 3592
31000 2858 2784 2982 3053 3499 3674
31100 2913 2833 3029 3064 3455 3692
31200 2936 2832 3022 3067 3387 3707
31300 2933 2839 3022 3068 3348 3732
31400 2956 2836 3027 3071 3291 3733
31500 2903 2801 2981 3034 3185 3680
31600 2901 2809 2976 3050 3131 3706
31700 2916 2816 2983 3060 3083 3725
31800 2928 2823 2982 3070 3070 3742
31900 2947 2845 2985 3088 3083 3760
32000 2949 2840 2976 3096 3093 3775
32100 2956 2859 2978 3109 3117 3782
32200 2963 2876 2978 3124 3121 3808
32300 3092 2895 2984 3133 3133 3823
32400 2974 2898 2968 3150 3148 3830
32500 2990 2907 2960 3160 3156 3846
32600 2998 2921 2947 3172 3171 3868
32700 3017 2926 2960 3188 3176 3880
32800 3038 2937 2937 3206 3203 3896
32900 3037 2948 2947 3225 3230 3918
33000 3044 2978 2965 3246 3245 3938
33100 3054 2988 2998 3315 3308 4026
33200 3126 3063 3062 3326 3326 4041
33300 3136 3073 3080 3341 3350 4065
33400 3151 3101 3090 3348 3352 4085
33500 3157 3107 3105 3364 3363 4095
33600 3166 3105 3112 3324 3320 4043
33700 3119 3075 3076 3321 3327 4054
33800 3132 3077 3073 3348 3330 4083
33900 3138 3089 3099 3334 3334 4090
34000 3144 3102 3101 3350 3343 4109
34100 3153 3105 3104 3358 3358 4123
34200 3165 3111 3117 3373 3376 4142
34300 3172 3126 3126 3383 3384 4177
34400 3182 3127 3128 3395 3397 4182
34500 3191 3141 3138 3420 3421 4205
34600 3210 3143 3142 3430 3430 4222
34700 3209 3151 3147 3448 3442 4234
34800 3223 3150 3147 3516 3511 4336
34900 3291 3213 3227 3542 3539 4350
35000 3280 3227 3229 3548 3545 4371
35100 3235 3169 3170 3486 3490 4309
35200 3255 3182 3191 3499 3498 4331
35300 3253 3197 3194 3512 3513 4349
35400 3271 3216 3217 3522 3523 4358
35500 3272 3213 3216 3535 3543 4379
35600 3308 3226 3231 3555 3549 4397
35700 3335 3233 3237 3569 3564 4518
35800 3351 3319 3308 3646 3647 4530
35900 3368 3321 3322 3656 3687 4545
36000 3306 3266 3265 3598 3668 4556
36100 3379 3357 3352 3682 3684 4575
36200 3381 3352 3348 3712 3702 4603
36300 3396 3364 3360 3711 3716 4630
36400 3408 3372 3369 3728 3722 4629
36500 3401 3372 3376 3734 3739 4652
36600 3403 3385 3387 3751 3748 4672
36700 3409 3399 3401 3762 3761 4691
36800 3419 3419 3415 3795 3774 4708
36900 3419 3414 3419 3797 3801 4735
37000 3422 3423 3424 3829 3817 4750
37100 3430 3449 3435 3780 3779 4684
37200 3382 3383 3387 3777 3777 4696
37300 3383 3403 3389 3863 3858 4718
37400 3390 3402 3400 3803 3812 4737
37500 3399 3413 3425 3820 3810 4838
37600 3467 3490 3509 3898 3897 4864
37700 3471 3513 3513 3917 3918 4887
37800 3484 3512 3517 3920 3920 4900
37900 3496 3533 3533 3923 3920 4920
38000 3499 3534 3535 3934 3938 4942
38100 3512 3549 3545 3947 3946 4970
38200 3520 3555 3566 3963 3967 4986
38300 3530 3566 3577 3973 3976 4998
38400 3546 3586 3587 3986 3988 5022
38500 3556 3608 3610 3999 4005 5041
38600 3561 3609 3602 4020 4013 5057
38700 3573 3619 3615 4026 4026 5078
38800 3580 3628 3632 4058 4054 5102
38900 3606 3645 3643 4054 4062 5254
39000 3608 3659 3656 4084 4067 5149
39100 3610 3671 3663 4088 4086 5164
39200 3638 3676 3683 4098 4117 5176
39300 3628 3685 3691 4112 4107 5202
39400 3564 3623 3633 4044 4048 5117
39500 3587 3651 3642 4062 4062 5135
39600 3589 3671 3643 4078 4076 5168
39700 3602 3673 3676 4087 4099 5183
39800 3613 3674 3691 4115 4114 5198
39900 3694 3752 3752 4193 4193 5219
40000 3642 3795 3706 4150 4147 5256
40100 3635 3701 3695 4150 4149 5409
40200 3721 3748 3762 4208 4232 5385
40300 3671 3767 3832 4393 4261 5398
40400 3652 3820 3803 4231 4209 5337
40500 3666 3745 3748 4203 4196 5341
40600 3679 3754 3753 4227 4229 5390
40700 3688 3759 3761 4227 4226 5378
40800 3701 3767 3773 4247 4247 5403
40900 3703 3788 3781 4252 4253 5520
41000 3796 3853 3781 4273 4274 5434
41100 3735 3848 3793 4271 4295 5467
41200 3767 3821 3815 4264 4322 5475
41300 3761 3831 3844 4249 4321 5498
41400 3798 3847 3852 4240 4342 5519
41500 3795 3891 3867 4241 4353 5537
41600 3815 3862 3887 4227 4364 5560
41700 3831 3877 3899 4223 4384 5580
41800 3847 3880 3918 4206 4406 5611
41900 3854 3888 3921 4179 4405 5622
42000 3891 3890 3934 4173 4409 5641
42100 3891 3903 3950 4163 4438 5663
42200 3905 3910 3953 4160 4439 5683
42300 3921 3928 3967 4145 4447 5704
42400 3948 3934 3978 4136 4467 5733
42500 3957 3949 3984 4128 4475 5757
42600 3951 3960 3996 4122 4491 5766
42700 3963 3960 4000 4110 4506 5789
42800 4053 4037 4093 4163 4601 5914
42900 3993 3972 4013 4054 4541 5829
43000 3972 3979 4015 4025 4551 5843
43100 3995 3990 4102 4117 4644 5976
43200 4054 3998 4037 4035 4840 5999
43300 4020 4016 4060 4050 4587 5910
43400 4033 4024 4061 4060 4605 5934
43500 4065 4018 4070 4070 4613 5953
43600 4076 4034 4083 4082 4640 5973
43700 4094 4032 4098 4095 4643 5994
43800 4293 4036 4103 4104 4655 6022
43900 4131 4061 4115 4114 4677 6030
44000 4146 4055 4125 4126 4688 6055
44100 4173 4056 4235 4146 4701 6078
44200 4181 4065 4146 4143 4717 6094
44300 4196 4084 4158 4155 4731 6125
44400 4221 4094 4166 4166 4749 6143
44500 4233 4075 4179 4179 4762 6162
44600 4231 4072 4189 4198 4779 6186
44700 4244 4073 4202 4198 4883 6325
44800 4347 4158 4284 4292 4802 6232
44900 4284 4091 4224 4220 4821 6254
45000 4302 4097 4228 4225 4835 6270
45100 4337 4083 4229 4225 4856 6335
45200 4338 4097 4400 4238 4876 6308
45300 4370 4100 4257 4275 4902 6338
45400 4374 4108 4273 4264 4906 6359
45500 4393 4114 4284 4282 4923 6379
45600 4814 4125 4293 4298 4930 6407
45700 4433 4134 4305 4313 4942 6426
45800 4446 4141 4323 4344 4963 6450
45900 4456 4154 4335 4339 5006 6470
46000 4488 4154 4350 4348 4995 6495
46100 4490 4167 4355 4360 4995 6515
46200 4501 4180 4370 4378 5019 6542
46300 4510 4188 4388 4387 5029 6563
46400 4523 4202 4425 4424 5063 6577
46500 4536 4203 4419 4415 5058 6605
46600 4563 4224 4412 4415 5069 6624
46700 4565 4224 4426 4426 5084 6656
46800 4580 4232 4436 4435 5095 6668
46900 4595 4243 4452 4449 5113 6691
47000 4609 4253 4489 4477 5124 6713
47100 4628 4269 4474 4478 5143 6737
47200 4660 4280 4498 4492 5158 6754
47300 4657 4286 4512 4517 5177 6787
47400 4691 4298 4539 4516 5188 6803
47500 4680 4308 4622 4613 5301 6954
47600 4776 4391 4635 4642 5236 6885
47700 4706 4335 4569 4569 5238 6870
47800 4716 4347 4570 4575 5254 6892
47900 4727 4359 4585 4585 5269 6928
48000 4748 4368 4595 4595 5281 6932
48100 4758 4377 4617 4624 5299 6964
48200 4775 4385 4620 4620 5323 6983
48300 4780 4390 4630 4633 5328 7010
48400 4793 4398 4643 4641 5351 7024
48500 4808 4413 4651 4651 5352 7068
48600 4819 4411 4684 4661 5368 7069
48700 4958 4419 4676 4680 5382 7096
48800 4863 4429 4686 4688 5397 7115
48900 4853 4443 4719 4702 5431 7139
49000 4871 4445 4712 4712 5434 7172
49100 4896 4453 4730 4726 5444 7187
49200 4880 4474 4722 4752 5463 7216
49300 4885 4479 4742 4742 5489 7236
49400 4908 4496 4757 4760 5516 7268
49500 4907 4513 4784 4780 5515 7278
49600 4908 4530 4794 4805 5521 7302
49700 4931 4541 4809 4921 5562 7325
49800 4973 4566 4832 4821 5561 7342
49900 4979 4576 4837 4837 5584 7371
50000 5026 4586 4878 4857 5613 7393
50100 4946 4608 5000 4988 5653 7543
50200 5007 4683 4981 4992 5823 7556
50300 5043 4715 4961 4933 5649 7490
50400 5021 4633 4902 4910 5650 7506
50500 5074 4643 4928 4922 5665 7516
50600 5031 4658 4924 4934 5678 7531
50700 4994 4669 4937 4951 5695 7558
50800 4998 4699 5049 4948 5698 7576
50900 5025 4703 4951 4950 5725 7602
51000 5010 4709 4960 4959 5736 7622
51100 5008 4716 4955 4963 5746 7648
51200 5079 4731 4964 4965 5773 7671
51300 5073 4746 4982 4973 5777 7511
51400 5040 4763 4984 4979 5795 7342
51500 5067 4771 4993 4994 5811 7167
51600 5070 4766 5008 5005 5830 6996
51700 5111 4790 5032 5013 5843 6824
51800 5070 4794 5032 5033 5856 6670
51900 5140 4798 5042 5075 5982 6826
52000 5548 4808 5059 5055 5891 6318
52100 5096 4815 5078 5074 5906 6141
52200 5138 4823 5092 5088 5920 5961
52300 5136 4832 5097 5104 6045 6046
52400 5228 4937 5199 5205 6058 6061
52500 5261 4933 5221 5215 6312 5979
52600 5158 4859 5139 5133 5984 5982
52700 5153 4866 5146 5148 5993 5996
52800 5177 4877 5157 5180 6024 6015
52900 5279 4985 5266 5268 6141 6171
53000 5223 4902 5179 5177 6045 6065
53100 5192 4914 5194 5200 6061 6061
53200 5214 4914 5216 5228 6080 6078
53300 5204 4901 5240 5234 6207 6214
53400 5317 5021 5341 5344 6254 6239
53500 5335 4934 5248 5254 6259 6266
53600 5377 5045 5374 5379 6271 6266
53700 5382 5047 5372 5370 6284 6297
53800 5381 5054 5386 5393 6301 6300
53900 5297 4958 5296 5288 6198 6203
54000 5298 4961 5304 5295 6205 6214
54100 5309 4981 5309 5313 6243 6283
54200 5321 5081 5430 5436 6246 6250
54300 5323 4995 5362 5358 6266 6273
54400 5380 5123 5443 5446 6381 6383
54500 5461 5049 5370 5371 6306 6422
54600 5348 5020 5370 5367 6297 6303
54700 5373 5053 5397 5386 6313 6316
54800 5399 5054 5417 5407 6330 6339
54900 5461 5066 5412 5411 6359 6370
55000 5412 5077 5435 5447 6442 6475
55100 5486 5272 5601 5555 6625 6472
55200 5449 5112 5441 5449 6392 6393
55300 5462 5169 5456 5461 6414 6412
55400 5470 5144 5464 5467 6443 6463
55500 5471 5160 5492 5491 6452 6446
55600 5484 5170 5498 5488 6459 6470
55700 5503 5183 5520 5508 6474 6476
55800 5492 5191 5681 5526 6507 6495
55900 5536 5258 5614 5660 6708 6661
56000 5631 5351 5631 5700 6699 6607
56100 5685 5327 5616 5698 6573 6598
56200 5608 5249 5613 5725 6728 7042
56300 5591 5916 5817 5782 6771 6651
56400 5766 5486 5831 5601 6643 6588
56500 5610 5317 5673 5645 6625 6631
56600 5779 5304 5631 5658 6696 6775
56700 5599 5366 5962 5745 6778 6704
56800 5659 5370 5714 5719 6715 6700
56900 5671 5369 5680 5728 6751 6702
57000 5610 5323 5672 6231 6905 6823
57100 10969 5485 5821 5774 6839 6848
57200 5895 5438 5937 5894 6836 6891
57300 5837 5623 5924 5925 6840 6839
57400 5837 5567 5773 6015 6866 7150
57500 5716 5605 5907 5869 6902 7022
57600 5777 5578 6017 5894 7013 6873
57700 5702 5561 5922 5881 6929 6850
57800 5657 5426 5890 5869 7048 7060
57900 5796 5512 5979 5988 7086 7052
58000 5816 5567 5929 6689 6974 7045
58100 5951 5521 5986 5930 7152 7009
58200 5769 5642 5989 6031 7131 7109
58300 5857 5651 6167 6125 7155 7076
58400 5726 5561 5969 5963 7080 7048
58500 5876 5574 5967 5968 7017 7030
58600 5817 5527 5926 6014 7050 6961
58700 5920 5700 6122 6278 7214 7113
58800 5796 5617 5969 5977 7228 7303
58900 5878 5609 6015 6027 7215 7257
59000 5941 5730 6222 6130 7242 7251
59100 5840 5738 6115 6083 7339 7101
59200 5859 5673 6124 6071 7131 7079
59300 5772 5592 6087 5965 7084 7078
59400 5836 5599 6025 6089 7090 7088
59500 5777 5713 6025 6032 7109 7117
59600 5793 5607 6157 6079 7175 7139
59700 5797 5610 6028 6049 7360 7166
59800 5792 5624 6048 6047 7171 7227
59900 5848 5876 6273 6286 7465 7172
60000 5921 5681 6088 6101 7297 7275
60100 6034 5767 6278 6308 7384 7268
60200 6096 5783 6151 6104 7364 7284
60300 5864 5711 6180 6223 7307 7279
60400 5915 5702 6377 6379 7405 7395
60500 5982 5841 6301 6268 7460 7420
60600 6020 5864 6169 6158 7445 7527
60700 6051 5782 6231 6250 7452 7422
60800 6057 5858 6297 6215 7507 7575
60900 6011 5959 6321 6335 7530 7549
61000 6150 5912 6376 6409 7545 7380
61100 6065 6020 6512 6302 7595 7556
61200 6038 5980 6360 6384 7530 7576
61300 6142 6163 6557 6607 7673 7582
61400 6136 5970 6436 6398 7503 7612
61500 6132 5968 6446 6336 7597 7526
61600 6164 6043 6440 6415 7542 7747
61700 6197 5920 6416 6483 7602 7701
61800 6168 5902 6314 6390 7388 7823
61900 6163 5893 6438 6480 7475 7666
62000 6213 5925 6382 6403 7306 7768
62100 6255 5939 6470 6356 7235 7810
62200 6170 5950 6471 6466 7388 7811
62300 6183 6003 6410 6449 7318 7809
62400 6304 6124 6701 6617 7226 7917
62500 6320 6102 6433 6525 7115 7882
62600 6268 6028 6388 6523 7031 7823
62700 6310 6053 6395 6552 6988 7849
62800 6294 6079 6571 6739 7088 8045
62900 6341 6118 6632 6498 6878 7943
63000 6205 6030 6420 6558 6921 7861
63100 6210 6092 6450 6513 6760 7858
63200 6346 6102 6481 6626 6688 8002
63300 6314 6073 6397 6675 6687 7945
63400 6265 6162 6644 6636 6684 7973
63500 6298 6127 6420 6744 6651 8049
63600 6336 6133 6394 6589 6654 8012
63700 6208 6082 6536 6692 6600 8009
63800 6263 6041 6306 6907 6746 8138
63900 6338 6210 6300 6698 6594 8073
64000 6700 6134 6465 6641 6691 8192
64100 6342 6166 6398 6656 6632 8083
64200 6428 6222 6484 6789 6729 8055
64300 6397 6214 6379 6836 6688 8100
64400 6440 6200 6431 6785 6753 8224
64500 6435 6184 6535 6862 6787 8207
64600 6365 6379 6329 6763 6709 8184
64700 6424 6214 6449 6758 6785 8153
64800 6433 6202 6392 6824 6743 8201
64900 6525 6187 6306 6807 6659 8295
65000 6533 6360 6404 6889 6692 8060
65100 6371 6301 6360 6743 6699 8099
65200 6587 6273 6349 6825 6819 8306
65300 6459 6444 6432 6945 6880 8241
65400 6629 6481 6434 7220 7040 8450
65500 6505 6430 6342 6958 6884 8277
65600 6529 6379 6346 6996 6903 8493
65700 6604 6426 6364 6932 6906 8356
65800 6612 6476 6484 7017 7100 8396
65900 6617 6630 6447 6972 6899 8326
66000 6577 6441 6449 7051 7020 8418
66100 6575 6469 6543 7032 6994 8470
66200 6597 6459 6560 7058 6935 8502
66300 6646 6465 6469 6956 7184 8696
66400 6605 6580 6488 7155 7191 8618
66500 6767 6516 6543 7026 7083 8421
66600 6608 6526 6511 7003 6994 8533
66700 6604 6442 6568 7026 7359 8675
66800 6734 6514 6579 7086 7038 8593
66900 6640 6786 6657 7321 7080 8570
67000 6869 6677 6764 7046 7259 8623
67100 6731 6729 6686 7190 7125 8619
67200 6749 6500 6598 7121 7242 8694
67300 6955 6773 6816 7241 7188 8716
67400 6603 6541 6485 7031 7140 8499
67500 6618 6520 6520 7007 7018 8550
67600 6637 6529 6516 7077 7088 8667
67700 6864 6757 6631 7217 7265 8776
67800 6714 6584 6560 7053 7040 8685
67900 6727 6557 6640 7186 7092 8591
68000 6775 6605 6604 7136 10459 8720
68100 6760 6570 6749 7527 7255 8889
68200 6848 6778 6705 7224 7335 9069
68300 6858 6816 6798 7378 7513 9149
68400 6820 6759 6702 7303 7283 8808
68500 6850 6756 6860 7330 7345 8980
68600 6929 6709 6791 7320 7176 8783
68700 6874 6665 6744 7145 7208 8827
68800 6786 6677 6635 7257 7264 8880
68900 6822 6744 7058 7664 7369 8935
69000 6767 6781 6705 7285 7305 8876
69100 6862 6746 6798 7253 7202 8820
69200 6860 6922 6979 7387 7352 9038
69300 6916 6828 6758 7347 7355 9051
69400 6994 6763 6891 7258 7319 8890
69500 6796 6729 6684 7265 7321 8955
69600 7052 6943 6737 7351 7356 9031
69700 6928 6995 6806 7381 7489 8991
69800 7014 6773 6921 7306 7285 9092
69900 6816 6739 6733 7383 7412 9165
70000 6927 6695 6891 7520 7390 9204
70100 6853 6720 6698 7335 7350 9153
70200 6846 6829 6787 7415 7636 9114
70300 6979 6803 7001 7577 7600 9264
70400 6955 6982 7045 7417 7806 9293
70500 7157 6910 6996 7607 7570 9387
70600 6883 6835 6793 7394 7396 9080
70700 6931 6983 6878 7545 7599 9353
70800 6909 6967 7009 7432 7492 9139
70900 7064 6883 6946 7665 7539 9411
71000 7099 6798 6874 7568 7469 9286
71100 7029 6838 6921 7548 7545 9309
71200 7109 6997 6945 7686 7561 9540
71300 7061 7211 7016 7862 7740 9490
71400 7119 7020 7047 7702 7604 9318
71500 7044 6946 7368 7926 7605 9500
71600 7055 7122 6938 7820 7616 9370
71700 7021 6975 6961 7635 7641 9335
71800 7057 6928 6945 7636 7841 9384
71900 6972 6977 6956 7573 7571 9418
72000 6999 6901 6914 7599 7650 9612
72100 7074 7112 7026 7725 7868 9733
72200 7143 6994 6947 7762 7827 9451
72300 7075 6965 6976 7816 7826 9866
72400 7094 6950 6959 7656 7677 9465
72500 7020 6944 6999 7813 7706 9633
72600 7274 8136 7151 7873 7884 9757
72700 7046 7012 6987 7747 7680 9676
72800 7068 7011 7180 7927 7787 9956
72900 7097 7213 7183 7796 7899 9641
73000 7167 7091 7088 7755 7823 9865
73100 7070 7090 7091 7967 7812 9636
73200 7102 7098 7054 7835 7820 9745
73300 7576 7199 7117 7829 8068 9822
73400 7160 7143 7876 8092 7978 10044
73500 7201 7074 7062 7794 7798 9929
73600 7183 7139 7130 7975 7937 9743
73700 7181 7369 7246 7856 8143 10352
73800 7185 7273 7129 7884 7865 9733
73900 7174 7184 7199 8367 8254 10035
74000 7260 7288 7276 8021 7902 9759
74100 7163 7180 7149 7973 7952 9843
74200 7691 7583 7183 8009 8142 9838
74300 7194 7162 7224 8082 8025 10091
74400 7523 7326 7272 8033 7958 9873
74500 7277 7364 7237 8028 8025 9857
74600 7164 7193 7176 7962 7986 9851
74700 7187 7236 7258 7997 7986 9883
74800 7177 7262 7259 8011 8000 9898
74900 7194 7214 7210 8006 8054 9941
75000 7198 7220 7215 8012 8018 9924
75100 7204 7231 7260 8061 8027 9943
75200 7197 7269 7245 8038 8040 9967
75300 7198 7262 7469 8184 8245 10189
75400 7512 7348 7336 8360 8279 10126
75500 7451 7365 7327 8308 8320 10363
75600 7420 7484 7446 8306 8344 10330
75700 7319 7375 7355 8164 8176 10158
75800 7257 7398 7355 8197 8244 10167
75900 7299 7405 7414 8191 8193 10187
76000 7441 7456 7562 8186 8241 10349
76100 7633 7545 7900 8333 8220 10216
76200 7292 7739 7431 8346 8292 10417
76300 7524 7538 7754 8410 8832 10376
76400 7579 7541 7477 8250 8328 10526
76500 7646 7603 7798 8759 8568 11350
76600 8009 7791 7753 8461 8358 10333
76700 7548 7442 7557 8491 8324 10429
76800 7504 7709 7527 8253 8355 10598
76900 7488 7524 7758 8423 8425 10297
77000 7643 7955 7525 8406 8488 10677
77100 7395 7505 7532 8542 8387 10392
77200 7471 7580 7520 8590 8405 10577
77300 7494 7609 7580 8381 8421 10547
77400 7500 7691 7713 8567 8501 10501
77500 7756 7761 7656 8514 8503 10650
77600 7541 7610 7813 8441 8471 10527
77700 7503 7758 7662 8417 8450 10699
77800 7534 7761 7805 8606 8582 10626
77900 7535 7624 7600 8418 8393 10690
78000 7793 7583 8269 8526 8574 10730
78100 7827 7710 7660 8566 8486 10581
78200 7564 7686 7653 8712 8529 10621
78300 7535 7620 7621 8551 8518 10661
78400 8118 7854 7676 8470 8453 10606
78500 7581 7652 7741 8853 8635 10935
78600 7700 7701 7661 8550 8498 10695
78700 7613 7682 7791 8538 8609 11071
78800 7655 7763 7744 8806 8753 11047
78900 7769 7922 7895 8879 8830 11083
79000 7800 7802 7734 8708 8839 10853
79100 7752 7980 7863 8950 8883 11060
79200 7690 7760 7729 8805 8835 11099
79300 7710 7907 7895 8904 8812 11065
79400 7833 7957 8094 8998 8779 11107
79500 7995 7935 7792 8837 8679 10966
79600 8030 8405 7793 8702 8720 10939
79700 7785 7838 7863 8909 8734 10869
79800 8172 7845 7845 8765 8783 11320
79900 7914 7976 7879 8666 8729 11006
80000 7689 7803 7867 8819 8787 11096
80100 7707 7863 7918 8977 8962 11037
80200 7887 8037 8028 8967 8776 11098
80300 7761 7924 7918 8791 8817 11078
80400 7937 8012 7916 8819 8795 11103
80500 7713 7845 7851 8831 8799 11099
80600 7945 7925 7944 8859 8847 11527
80700 7966 8062 8065 8992 9010 11368
80800 7799 7979 8123 8921 8921 11104
80900 7830 7975 7926 8869 8806 11104
81000 7750 7906 7905 8841 9078 11243
81100 7797 8030 8100 9040 9053 11159
81200 8070 7991 8070 8929 8930 11198
81300 7826 8047 8235 9016 8907 11348
81400 7908 8059 8103 8963 9167 11488
81500 8021 8224 8241 8967 9007 11365
81600 7888 8177 8048 8977 9075 11403
81700 7878 8100 8203 9170 9398 11421
81800 7951 8073 8018 8948 8977 11429
81900 8042 8027 8221 9182 9166 11649
82000 8168 8080 8055 9326 9398 11486
82100 8135 8108 8248 9124 9112 11561
82200 8077 8198 8381 9238 9192 11603
82300 8084 8460 8233 9003 9127 11704
82400 7921 8278 8145 9053 9081 11656
82500 7969 8194 8225 8985 9142 12271
82600 8108 8364 8341 9024 9335 11493
82700 8038 8300 8192 8999 9205 11639
82800 7993 8165 8205 8988 9133 11600
82900 8259 8401 8592 9677 9411 11774
83000 8177 8139 8202 8903 9178 11663
83100 8074 8152 8184 8886 9156 11574
83200 8139 8270 8400 8948 9899 11668
83300 8097 8262 8260 8967 9295 11723
83400 8183 8344 8477 8964 9290 11778
83500 8170 8253 8357 9121 9483 11773
83600 8769 8309 8428 9769 9318 11801
83700 8243 8294 8337 8899 9332 11856
83800 8198 8197 8285 8813 9265 11987
83900 8170 8403 8448 9086 9514 11895
84000 8213 8240 8471 8921 9354 11991
84100 8963 8456 8414 9042 9547 12299
84200 8395 8621 8516 9014 9550 12143
84300 8444 8402 8399 8823 9302 11813
84400 8276 8352 8424 8835 9410 12148
84500 8470 8356 8500 8833 9650 12041
84600 8512 8394 8470 8932 9528 12324
84700 8495 8376 8632 9017 9492 12306
84800 8420 8627 8551 8738 9411 12147
84900 8341 8317 8494 8949 9527 12210
85000 8387 8370 8676 8932 9887 12338
85100 8540 8675 8458 8825 9786 12264
85200 8647 8735 8704 8861 9502 12418
85300 8505 8386 9070 8793 9702 12293
85400 8412 8748 8628 8880 9545 12187
85500 8816 8741 8689 9027 9809 12236
85600 8438 8442 8526 8657 9566 12180
85700 8491 8448 8578 8743 9538 12261
85800 8453 8451 8683 8906 9789 12492
85900 8488 8563 8585 8759 9812 12583
86000 8644 8607 8960 8946 9759 12305
86100 8480 8484 8825 8708 9819 12247
86200 8725 8666 8660 8620 9671 12243
86300 8449 8444 8608 8721 10041 12500
86400 8494 8475 8770 8557 9708 12500
86500 8793 8546 8888 8723 9698 12612
86600 8507 8460 8569 8657 9925 12579
86700 8613 8710 8749 8839 9979 12676
86800 8633 8571 8862 8885 9886 12502
86900 8891 8684 8606 8597 9701 12410
87000 9059 8713 8717 8704 9773 12469
87100 8671 8770 8875 8801 9887 12657
87200 8846 8740 8783 8618 9718 12450
87300 8690 8751 8833 8879 10052 12984
87400 9045 8637 8794 8786 10033 12726
87500 8756 8616 8763 8750 9925 12570
87600 8717 8739 8895 8921 9950 12645
87700 9166 8776 8894 9060 10082 12700
87800 9011 8747 9428 9003 10072 12633
87900 9424 8750 8782 8833 9966 12724
88000 8848 8943 8936 8950 10129 12661
88100 9046 8863 9052 8838 9992 12802
88200 8848 8789 8994 9177 10829 12844
88300 8970 9094 9030 8941 10132 12871
88400 8960 8832 8909 9225 10087 13423
88500 8966 8696 8981 8916 10131 12789
88600 8873 8785 8842 8783 9949 13128
88700 8871 8605 8774 8788 9950 12869
88800 8886 8582 8794 8886 10024 12785
88900 9230 8901 9006 9008 10264 13376
89000 9144 8845 9081 9026 10287 13217
89100 9189 8915 9034 9300 10318 13362
89200 9103 8752 9046 9231 10378 13187
89300 9027 8830 9096 9041 10301 13070
89400 9253 8639 8906 8983 10487 13774
89500 9056 8623 8910 8951 10150 13108
89600 9102 9283 9592 8956 10111 13022
89700 9013 8624 8984 9185 10333 13382
89800 9165 8917 9111 9189 10294 13157
89900 9121 8919 8957 8989 10178 13069
90000 9082 8699 8981 8972 10429 13661
90100 9212 8781 9084 9015 10199 13139
90200 9218 8662 9171 9194 10316 13223
90300 9405 8842 9016 9230 10506 13367
90400 9368 8924 9129 9280 10263 13415
90500 9210 8875 9276 9160 10276 13333
90600 9153 8870 9425 9238 10372 13511
90700 10113 9068 9320 9515 10449 13568
90800 9464 8703 9158 9400 10485 13247
90900 9291 8994 9241 9134 10380 13327
91000 9377 8704 9038 9038 10406 13524
91100 9514 9082 9353 9299 10566 13303
91200 9278 8878 9046 9039 10338 13319
91300 9347 9072 9222 9277 10630 13500
91400 9295 8787 9072 9153 10573 13420
91500 9549 9082 9373 9332 10548 13638
91600 9560 8994 9307 9351 10608 13558
91700 9670 8976 9220 9390 10749 13841
91800 9647 9100 9327 9532 10729 13824
91900 9471 9088 9288 9602 10693 13815
92000 9839 9018 9350 9428 10554 13529
92100 9459 8786 9192 9369 10710 13816
92200 9550 8879 9329 9458 10882 13861
92300 9550 9204 9491 9215 10509 13613
92400 9463 8818 9207 9405 10704 13881
92500 9683 8999 9400 9270 10735 13883
92600 9680 9017 9448 9454 11135 13900
92700 9690 9028 9346 9313 10630 13877
92800 9909 8870 9300 9290 10594 13961
92900 9726 9039 9450 9492 10780 13995
93000 9748 8930 9313 9303 10594 13764
93100 9580 8931 9333 9328 10629 13866
93200 9601 8936 9329 9327 10643 13778
93300 9602 8938 9404 9532 10856 14061
93400 10000 9155 9495 9538 10780 14238
93500 9939 9118 9399 9438 10760 13980
93600 9745 9049 9454 9415 10780 14016
93700 9829 9105 9482 9440 10786 15210
93800 9757 8972 9485 9492 10838 14079
93900 10025 9071 9732 9726 10999 14112
94000 9809 9056 9494 9694 11046 14317
94100 9986 9263 9646 9641 11035 14359
94200 9833 9030 9537 9525 10902 14150
94300 9996 9200 9636 9634 11000 14307
94400 9954 9214 9647 9652 11011 14319
94500 9972 9237 9667 9674 11026 14111
94600 9810 9063 9507 9514 10844 14103
94700 9810 9095 9533 9740 11074 14151
94800 9821 9445 9873 9828 11126 14584
94900 10205 9309 9609 9861 11139 14349
95000 9910 9254 9629 9663 10975 14326
95100 10167 9314 9686 9598 10946 14242
95200 9889 9117 9574 9573 10932 14235
95300 9933 9138 9598 9594 10950 14255
95400 9905 9176 9626 9807 11223 14591
95500 10145 9167 9715 9927 11323 14582
95600 10220 9262 9694 9876 11248 14511
95700 10180 9466 9733 9738 11198 14495
95800 10130 9451 9755 9692 11116 14650
95900 10240 9438 9935 9781 11159 14621
96000 10319 9407 9858 9897 11121 14749
96100 10125 9317 9785 9769 11195 14576
96200 10278 9363 9739 9756 11283 14902
96300 10067 9264 9980 9995 11209 14740
96400 10213 9430 9946 10037 11412 14896
96500 10318 9493 9886 9780 11345 14937
96600 10104 9351 9944 9884 11153 14561
96700 10132 9466 9969 9949 11332 14722
96800 10386 9413 9901 9963 11244 14730
96900 10095 9329 10177 9835 11396 14666
97000 10120 9733 10067 10064 11530 15180
97100 10603 9774 14503 10267 11645 14940
97200 10456 9531 9888 9884 11250 14721
97300 10171 9335 9857 9920 11925 15023
97400 10426 9474 9938 10145 11534 14801
97500 10382 9561 10078 10054 11321 14808
97600 10179 9390 10077 10068 11311 14790
97700 10188 9454 10306 10067 11499 15486
97800 10865 9495 10013 10032 12044 15221
97900 10586 9712 10297 10321 11538 15026
98000 10600 9563 10236 10303 11938 15414
98100 10650 9700 10250 10274 11692 15381
98200 10503 9666 10223 10323 12002 15434
98300 10755 9761 10312 10213 11812 15218
98400 10737 9681 10068 15518 11827 15476
98500 10536 9820 10277 10227 11871 15392
98600 10548 9804 10280 10266 11857 15321
98700 10505 9572 10190 10044 11531 15175
98800 10627 9591 10318 10596 11793 15502
98900 10885 10146 10440 10687 12019 15519
99000 10754 9835 10557 10309 11855 15654
99100 10630 9788 10286 10244 11759 15427
99200 10551 9694 10455 10418 11979 15561
99300 10663 9958 10482 10538 11988 15772
99400 10960 9924 10439 10672 12007 15562
99500 10728 9903 10525 10577 12129 15584
99600 10781 9995 10567 10554 12215 15547
99700 10739 10094 10587 10413 12085 15601
99800 10668 9840 10529 10893 11903 15749
99900 10834 9829 10478 10500 11882 15584
100000 10614 9861 15420 10699 12125 15865
