500 98 85 136 79 78 81
600 116 104 105 98 97 103
700 136 120 110 107 103 112
800 156 138 113 111 110 122
900 156 139 129 146 129 127
1000 162 157 136 129 144 131
1100 176 155 152 144 145 136
1200 173 155 152 146 147 155
1300 185 170 153 149 148 153
1400 194 182 172 166 160 162
1500 209 188 171 170 167 182
1600 214 194 176 174 174 191
1700 221 197 183 185 182 182
1800 235 210 197 199 196 195
1900 246 222 219 209 215 209
2000 258 236 230 221 219 223
2100 273 248 246 235 235 236
2200 288 263 256 245 243 254
2300 295 270 268 259 256 267
2400 307 286 283 269 268 280
2500 321 307 307 295 282 294
2600 339 313 308 300 296 310
2700 362 336 328 328 317 340
2800 389 363 333 332 322 342
2900 407 378 352 352 338 362
3000 427 388 365 358 352 377
3100 442 399 372 370 364 391
3200 453 415 386 382 378 410
3300 468 428 400 393 388 390
3400 481 438 412 410 405 404
3500 495 455 423 420 419 420
3600 512 462 438 435 433 432
3700 523 478 453 448 449 447
3800 541 489 463 463 465 463
3900 553 506 481 475 476 480
4000 565 513 508 492 486 493
4100 580 536 526 502 502 509
4200 596 545 547 518 515 525
4300 613 560 558 528 525 540
4400 632 571 569 544 540 554
4500 639 582 579 559 557 570
4600 647 593 593 568 569 587
4700 660 613 605 587 586 600
4800 674 621 623 595 594 617
4900 687 636 635 612 609 634
5000 702 647 647 625 624 656
5100 713 663 660 637 636 671
5200 745 692 680 665 656 682
5300 801 739 717 686 688 702
5400 784 744 710 714 685 719
5500 814 784 735 735 705 736
5600 835 790 741 735 713 756
5700 855 803 747 747 730 775
5800 883 822 767 761 739 788
5900 893 835 777 777 758 806
6000 912 844 790 788 770 823
6100 928 859 802 804 789 845
6200 950 881 819 819 804 854
6300 968 898 832 831 812 877
6400 987 911 859 844 832 892
6500 997 927 859 858 849 864
6600 1009 932 874 871 861 858
6700 1024 949 883 883 877 872
6800 1042 958 901 905 890 893
6900 1061 972 914 913 907 904
7000 1074 983 929 929 923 924
7100 1087 1002 941 944 938 932
7200 1106 1019 979 977 973 977
7300 1139 1054 997 1000 990 988
7400 1150 1064 1009 1004 1002 1002
7500 1167 1077 1020 1021 1019 1020
7600 1187 1096 1034 1034 1037 1036
7700 1198 1106 1054 1045 1052 1050
7800 1215 1120 1079 1068 1047 1049
7900 1205 1129 1104 1074 1075 1085
8000 1245 1147 1128 1088 1086 1099
8100 1235 1144 1132 1084 1080 1094
8200 1251 1155 1150 1103 1097 1111
8300 1272 1176 1171 1119 1115 1125
8400 1294 1203 1192 1130 1139 1145
8500 1310 1211 1206 1143 1143 1161
8600 1323 1222 1216 1152 1153 1174
8700 1338 1228 1224 1170 1184 1192
8800 1359 1259 1243 1190 1198 1253
8900 1372 1306 1279 1204 1286 1243
9000 1417 1332 1309 1279 1264 1260
9100 1397 1310 1278 1225 1227 1265
9200 1451 1306 1318 1247 1245 1300
9300 1416 1316 1310 1264 1263 1293
9400 1468 1349 1344 1313 1371 1365
9500 1460 1401 1340 1333 1289 1377
9600 1473 1421 1417 1333 1357 1385
9700 1477 1389 1388 1334 1338 1376
9800 1557 1392 1404 1372 1355 1426
9900 1609 1412 1401 1356 1350 1452
10000 1556 1446 1416 1383 1395 1413
10100 1564 1555 1433 1390 1419 1463
10200 1549 1475 1500 8227 1505 1458
10300 1618 1476 1469 1454 1440 1505
10400 1659 1509 1487 1506 1463 1508
10500 1665 1624 1508 1496 1493 1577
10600 1669 1636 1564 1530 1480 1568
10700 1693 1590 1527 1585 1479 1562
10800 1689 1650 1572 1562 1517 1603
10900 1730 1641 1591 1572 1515 1633
11000 1788 1703 1576 1611 1552 1609
11100 1839 1755 1584 1595 1536 1611
11200 1802 1711 1599 1611 1657 1689
11300 1814 1753 1613 1615 1569 1671
11400 1867 1827 1673 1685 1613 1706
11500 1884 1823 1638 1652 1601 1716
11600 1905 1809 1676 1666 1618 1717
11700 1949 1855 1697 1679 1638 1737
11800 1925 1819 1714 1700 1669 1760
11900 2007 1879 1701 1743 1742 1800
12000 2027 1902 1731 1768 1691 1795
12100 2033 1852 1758 1734 1727 1830
12200 2038 1870 1745 1771 1724 1846
12300 2036 1877 1774 1786 1737 1833
12400 2044 1900 1825 1807 1745 1858
12500 2069 1927 1802 1792 1767 1877
12600 2104 1933 1812 1825 1771 1901
12700 2093 1950 1863 1830 1784 1923
12800 2124 1968 1844 1891 1806 1932
12900 2124 1979 1869 1849 1828 1940
13000 2141 2062 1873 1866 1880 1896
13100 2185 2013 1884 1887 1864 1879
13200 2175 2021 1897 1895 1870 1870
13300 2189 2038 1912 1981 1945 2006
13400 2356 2256 1987 2006 1987 1908
13500 2224 2067 1942 1938 1945 1919
13600 2240 2075 1957 1955 1934 1933
13700 2258 2089 1970 1968 1952 1951
13800 2270 2099 1979 1978 1969 1960
13900 2291 2119 2002 2005 1984 1983
14000 2310 2133 2017 2014 1999 2006
14100 2325 2151 2033 2031 2021 2017
14200 2333 2168 2049 2048 2032 2031
14300 2371 2175 2057 2058 2052 2048
14400 2364 2195 2084 2086 2073 2073
14500 2384 2216 2103 2101 2097 2096
14600 2402 2233 2126 2119 2105 2105
14700 2418 2248 2130 2130 2122 2119
14800 2456 2266 2142 2143 2142 2137
14900 2446 2272 2149 2146 2141 2145
15000 2466 2292 2169 2168 2168 2168
15100 2489 2310 2186 2185 2190 2188
15200 2501 2330 2203 2202 2210 2207
15300 2521 2339 2220 2217 2217 2217
15400 2531 2354 2244 2232 2243 2243
15500 2546 2363 2264 2244 2253 2251
15600 2561 2380 2539 2936 2354 2351
15700 2646 2386 2392 2273 2602 2403
15800 2595 2396 2338 2282 2290 2343
15900 2615 2428 2379 2311 2308 2324
16000 2623 2434 2401 2329 2333 2354
16100 2659 2539 2525 2382 2411 2419
16200 2702 2544 2473 2382 2404 2443
16300 2713 2542 2487 2379 2446 2431
16400 2840 2498 2531 2439 2474 2459
16500 2778 2566 2527 2475 2417 2559
16600 2763 2572 2638 2474 2473 2498
16700 2779 2683 2584 2474 2471 2467
16800 2784 2596 2644 2479 2457 2499
16900 2858 2701 2760 3798 2523 2544
17000 2815 2634 2641 2471 2524 2586
17100 2882 2699 2741 2565 2504 2595
17200 2853 2702 2694 2532 2514 2627
17300 2932 2661 2697 2586 2518 2686
17400 2938 2742 2735 2586 2569 2607
17500 2949 2766 2723 2601 2615 2689
17600 3006 2737 2809 2635 2650 2691
17700 3038 2772 2724 2622 2627 2696
17800 2969 2848 2736 2645 2608 2687
17900 3017 3057 2905 2881 2645 2698
18000 3025 2748 2767 2658 2652 2693
18100 2994 2784 2773 2677 2718 2722
18200 3082 2838 2844 2770 2707 2778
18300 3142 2824 2853 2710 2724 2808
18400 3037 2842 2841 2691 2782 2821
18500 3050 2903 2901 2818 2766 2891
18600 3221 2918 2933 2862 2761 2853
18700 3079 2880 2874 2816 2855 2857
18800 3103 2928 2871 2778 2770 2845
18900 3151 2975 2993 2873 2800 2880
19000 3136 2959 2933 2828 2825 2887
19100 3144 2921 2939 2894 2872 2944
19200 3194 2989 2981 2871 2880 2958
19300 3218 3020 3008 2895 2967 3017
19400 3244 3065 3007 2890 2882 2995
19500 3260 3040 3020 2895 2923 3002
19600 3267 3026 3036 2947 2932 3016
19700 3277 3024 3062 2973 2951 3107
19800 3358 3072 3156 2971 2982 3065
19900 3329 3128 3107 2968 2990 3069
20000 3435 3087 3147 3000 2985 3090
20100 3380 3134 3084 3055 2965 3178
20200 3329 3180 3173 3025 3011 3171
20300 3410 3176 3134 3111 3156 3111
20400 3509 3167 3145 3024 3074 3152
20500 3420 3173 3206 3075 3094 3332
20600 3431 3248 3346 3130 3157 3201
20700 3481 3295 3281 3286 3108 3207
20800 3487 3297 3255 3243 3119 3251
20900 3628 3370 3462 3161 3155 3292
21000 3511 3382 3321 3254 3214 3359
21100 3552 3330 3303 3211 3189 3278
21200 3546 3396 3273 3296 3220 3334
21300 3583 3384 3282 3253 3162 3304
21400 3573 3401 3291 3275 3187 3316
21500 3596 3427 3299 3293 3197 3332
21600 3627 3461 3308 3310 3209 3366
21700 3660 3498 3327 3325 3230 3382
21800 3680 3518 3344 3341 3243 3395
21900 3703 3536 3360 3361 3258 3411
22000 3738 3563 3386 3372 3277 3427
22100 3752 3580 3388 3387 3288 3461
22200 3777 3611 3406 3406 3307 3466
22300 3805 3634 3418 3440 3332 3484
22400 3821 3659 3443 3440 3403 3509
22500 3842 3681 3448 3450 3352 3543
22600 3865 3694 3473 3471 3388 3536
22700 3895 3711 3486 3484 3412 3565
22800 3921 3724 3501 3498 3418 3580
22900 3937 3733 3509 3508 3440 3601
23000 3960 3754 3530 3526 3456 3618
23100 3986 3766 3544 3541 3459 3632
23200 4012 3789 3563 3573 3485 3677
23300 4102 3870 3643 3639 3552 3734
23400 4160 3891 3661 3662 3576 3772
23500 4148 3909 3673 3670 3584 3786
23600 4168 3853 3635 3635 3552 3737
23700 4123 3876 3652 3647 3559 3756
23800 4146 3881 3662 3659 3598 3780
23900 4187 3893 3676 3677 3596 3792
24000 4182 3918 3683 3679 3603 3815
24100 4210 3968 4049 4003 3629 3835
24200 4231 3949 3725 3731 3649 3861
24300 4244 3968 3737 3736 3659 3871
24400 4269 3982 3756 3755 3671 3901
24500 4303 4011 3771 3774 3696 3918
24600 4308 4022 3791 3787 3716 3937
24700 4331 4033 3818 3815 3731 3951
24800 4346 4063 3831 3829 3748 3965
24900 4365 4070 3859 3849 3773 4010
25000 4411 4095 3894 3894 3794 4012
25100 4402 4118 3886 3884 3795 4034
25200 4428 4135 3898 3898 4032 4065
25300 4428 4141 3914 3911 3825 4079
25400 4448 4165 3938 3924 3841 4092
25500 4454 4174 3935 3935 3854 4106
25600 4482 4209 3952 3948 3882 4137
25700 4596 4295 4040 4037 3967 4181
25800 4601 4317 4053 4056 3993 4153
25900 4631 4328 4083 4099 3999 4113
26000 4640 4273 4021 4011 3951 4008
26100 4571 4287 4046 4030 3968 3965
26200 4591 4303 4052 4128 3983 3981
26300 4612 4316 4093 4063 4007 3998
26400 4617 4320 4081 4080 4016 4010
26500 4631 4334 4089 4090 4031 4031
26600 4631 4347 4099 4097 4041 4042
26700 4643 4343 4289 4450 4432 4423
26800 5066 4465 4222 4217 4170 4169
26900 4732 4382 4162 4151 4111 4111
27000 4730 4395 4249 4248 4213 4206
27100 4829 4498 4270 4266 4220 4213
27200 4850 4519 4291 4288 4233 4230
27300 4869 4522 4302 4297 4243 4240
27400 4900 4543 4326 4313 4267 4264
27500 4905 4560 4332 4332 4285 4279
27600 4933 4571 4346 4342 4293 4300
27700 4950 4588 4378 4368 4318 4318
27800 4958 4606 4382 4383 4350 4352
27900 4975 4623 4401 4395 4355 4355
28000 4995 4641 4419 4425 4373 4376
28100 5010 4672 4438 4425 4385 4389
28200 5026 4677 4446 4447 4377 4322
28300 4938 4618 4382 4381 4343 4340
28400 5050 4621 4416 4392 4344 4350
28500 4972 4641 4415 4408 4375 4378
28600 4979 4654 4417 4422 4404 4380
28700 4995 4660 4442 4440 4429 4493
28800 5127 4779 4553 4549 4452 4449
28900 5042 4699 4486 4569 4544 4544
29000 5163 4810 4594 4594 4584 4568
29100 5182 4833 4610 4607 4579 4577
29200 5206 4850 4632 4632 4508 4512
29300 5104 4776 4551 4552 4508 4519
29400 5126 4809 4576 4578 4538 4549
29500 5146 4811 4585 4589 4537 4537
29600 5152 4815 4589 4592 4557 4557
29700 5170 4836 4599 4598 4577 4576
29800 5196 4850 4626 4616 4596 4595
29900 5214 4876 4638 4632 4618 4616
30000 5400 5037 4692 4736 4681 4656
30100 5244 4933 4677 4677 4652 4658
30200 5270 4930 4691 4747 4694 4799
30300 5331 4976 4776 4871 4780 4775
30400 5369 5065 4829 4760 4732 4877
30500 5430 5033 4768 4835 4799 4821
30600 5395 5076 4823 4751 4756 4749
30700 5389 5019 4770 4769 4756 4766
30800 5383 5026 4807 4780 4784 4804
30900 5396 5128 4927 4894 4857 4804
31000 5415 5207 4882 4909 4913 4912
31100 5525 5162 4982 4920 4925 4930
31200 5557 5166 5020 4934 4944 4952
31300 5564 5184 5027 4961 4951 4962
31400 5583 5204 5059 4959 4959 4981
31500 5509 5115 4998 4896 4884 4910
31600 5514 5131 5026 4900 4900 4918
31700 5526 5152 5067 4920 4916 4954
31800 5550 5170 5085 4938 4933 4956
31900 5554 5188 5113 4949 4953 4981
32000 5581 5202 5138 4964 4958 4996
32100 5592 5207 5158 4980 4974 5004
32200 5619 5229 5183 5003 5000 5031
32300 5869 5257 5234 5021 5018 5044
32400 5631 5257 5229 5024 5027 5060
32500 5665 5274 5259 5049 5041 5081
32600 5666 5294 5290 5086 5069 5114
32700 5684 5308 5298 5100 5075 5125
32800 5697 5356 5311 5098 5100 5138
32900 5732 5351 5351 5263 5124 5158
33000 5752 5373 5370 5143 5141 5181
33100 5774 5402 5403 5170 5266 5292
33200 5911 5521 5522 5278 5295 5317
33300 5926 5541 5542 5292 5289 5330
33400 5952 5565 5568 5313 5313 5341
33500 5976 5585 5578 5324 5329 5366
33600 5987 5616 5597 5255 5242 5277
33700 5906 5503 5509 5252 5254 5298
33800 5939 5531 5532 5283 5268 5331
33900 5929 5533 5531 5279 5273 5331
34000 5963 5556 5562 5296 5308 5376
34100 5982 5579 5585 5306 5304 5378
34200 5996 5607 5589 5323 5322 5389
34300 6024 5611 5598 5342 5340 5415
34400 6023 5616 5607 5353 5351 5422
34500 6034 5628 5621 5377 5382 5458
34600 6066 5632 5629 5396 5405 5464
34700 6090 5639 5641 5413 5408 5482
34800 6097 5649 5672 5525 5520 5600
34900 6235 5791 5784 5556 5560 5626
35000 6246 5777 5777 5579 5570 5645
35100 6261 5709 5695 5483 5472 5552
35200 6166 5721 5720 5501 5494 5577
35300 6179 5738 5743 5518 5513 5611
35400 6206 5755 5766 5535 5526 5614
35500 6225 5778 5772 5550 5553 5641
35600 6270 5807 5784 5562 5562 5650
35700 6392 5793 5795 5574 5609 5799
35800 6393 5926 5904 5683 5674 5787
35900 6372 5920 5921 5703 5703 5810
36000 6290 5849 5838 5635 5727 5833
36100 6422 5956 5955 5737 5742 5854
36200 6421 5970 5972 5754 5746 5867
36300 6470 6012 6008 5779 5779 5885
36400 6464 6022 6026 5798 5804 5905
36500 6543 6033 6046 5809 5805 5912
36600 6483 6049 6046 5831 5828 5948
36700 6495 6067 6067 5852 5850 5962
36800 6508 6086 6079 5874 5867 5985
36900 6523 6105 6101 5902 5892 6012
37000 6549 6114 6109 5910 5909 6035
37100 6544 6129 6131 5837 5832 5926
37200 6458 6037 6025 5846 5850 5944
37300 6468 6052 6051 5974 5987 5969
37400 6484 6071 6074 5892 5882 5988
37500 6493 6093 6084 5897 5913 6014
37600 6628 6216 6217 6025 6023 6134
37700 6645 6237 6236 6044 6037 6149
37800 6658 6253 6253 6044 6061 6169
37900 6672 6269 6265 6050 6066 6189
38000 6696 6285 6284 6072 6082 6217
38100 6708 6293 6295 6089 6087 6228
38200 6734 6325 6326 6106 6108 6255
38300 6748 6333 6345 6128 6120 6262
38400 6771 6355 6351 6143 6142 6294
38500 6784 6384 6372 6156 6154 6306
38600 6803 6406 6391 6179 6167 6322
38700 6820 6416 6408 6195 6196 6355
38800 6835 6432 6416 6217 6219 6360
38900 6858 6444 6458 6232 6232 6388
39000 6878 6462 6472 6247 6241 6405
39100 6898 6487 6479 6284 6267 6436
39200 6902 6494 6491 6281 6279 6442
39300 6921 6511 6511 6299 6301 6470
39400 6944 6419 6404 6186 6304 6362
39500 6859 6431 6436 6219 6216 6383
39600 6853 6443 6454 6240 6230 6400
39700 6861 6439 6443 6251 6246 6414
39800 6886 6469 6463 6275 6283 6456
39900 7029 6619 6611 6400 6399 6469
40000 7134 6633 6567 6337 6313 6504
40100 6913 6493 6513 6320 6312 6791
40200 7029 6649 6649 6394 6463 6660
40300 7042 6653 6644 6485 6436 6648
40400 7078 6628 6598 6449 6538 6582
40500 7019 6610 6574 6373 6373 6575
40600 7025 6603 6605 6409 6409 6624
40700 7049 6609 6611 6412 6407 6613
40800 7034 6636 6624 6442 6441 6635
40900 7062 6655 6665 6455 6469 6789
41000 7213 6799 6661 6476 6498 6668
41100 7107 6711 6687 6508 6502 6684
41200 7152 6756 6722 6551 6525 6715
41300 7176 6800 6744 6587 6557 6734
41400 7215 6828 6770 6618 6564 6758
41500 7234 6851 6784 6639 6578 6771
41600 7270 6881 6804 6687 6599 6917
41700 7283 6904 6792 6685 6629 6807
41800 7311 6927 6827 6710 6633 6822
41900 7346 6957 6842 6727 6631 6841
42000 7360 6978 6862 6746 6644 6868
42100 7421 7005 6877 6791 6648 6891
42200 7421 7046 6895 6804 6686 6903
42300 7451 7073 6931 6836 6693 6937
42400 7479 7104 6939 6866 6704 6943
42500 7489 7131 6955 6897 6729 6961
42600 7502 7154 6952 6906 6739 6988
42700 7550 7203 6970 6937 6780 7026
42800 7687 7353 7122 7108 6912 7167
42900 7578 7251 7002 6976 6815 7048
43000 7600 7265 6995 6984 6807 7059
43100 7627 7291 7143 7143 6966 7211
43200 7806 7321 7017 7003 6839 7785
43300 7697 7369 7060 7054 6946 7129
43400 7708 7374 7056 7059 6888 7169
43500 7721 7388 7089 7076 6907 7165
43600 7788 7449 7095 7094 6924 7191
43700 7793 7456 7105 7124 6933 7216
43800 7816 7472 7122 7117 6945 7242
43900 7841 7501 7161 7142 6973 7248
44000 7878 7525 7161 7157 6987 7257
44100 7922 7560 7176 7172 7000 7308
44200 7917 7583 7185 7182 7018 7321
44300 7940 7614 7220 7199 7033 7318
44400 7970 7635 7227 7230 7056 7338
44500 7991 7650 7253 7232 7064 7358
44600 8054 7687 7261 7260 7090 7384
44700 8038 7701 7280 7265 7233 7560
44800 8205 7870 7427 7422 7256 7416
44900 8087 7748 7323 7305 7148 7436
45000 8099 7823 7320 7319 7152 7442
45100 8126 7778 7336 7349 7180 7475
45200 8155 7797 7356 7628 7197 7492
45300 8174 7805 7382 7365 7230 7558
45400 8211 7828 7386 7384 7259 7553
45500 8234 7846 7405 7402 7273 7586
45600 9124 7869 7421 7415 7282 7570
45700 8302 7880 7431 7427 7303 7596
45800 8293 7888 7466 7459 7335 7628
45900 8324 7912 7482 7468 7318 7652
46000 8355 7924 7499 7492 7336 7683
46100 8380 7934 7505 7499 7349 7690
46200 8397 7960 7523 7515 7370 7697
46300 8418 7980 7567 7540 7385 7709
46400 8446 8013 7555 7556 7398 7743
46500 8460 8015 7571 7563 7407 7755
46600 8498 8033 7592 7589 7433 7767
46700 8512 8053 7609 7605 7453 7801
46800 8524 8060 7608 7624 7471 7819
46900 8552 8075 7631 7623 7499 7836
47000 8568 8106 7650 7651 7503 7864
47100 8591 8102 7669 7660 7512 7876
47200 8612 8116 7703 7684 7538 7897
47300 8635 8143 7693 7694 7547 7913
47400 8666 8149 7715 7714 7566 7936
47500 8700 8179 7904 7901 7759 8124
47600 8887 8369 7917 7915 7766 8005
47700 8740 8199 7791 7772 7624 8017
47800 8778 8217 7795 7786 7656 8024
47900 8789 8241 7802 7796 7656 8045
48000 8813 8255 7825 7819 7681 8062
48100 8833 8281 7838 7837 7700 8077
48200 8857 8290 7849 7850 7714 8104
48300 8877 8323 7883 7870 7736 8145
48400 8892 8323 7891 7893 7766 8157
48500 8919 8340 7908 7915 7764 8164
48600 8921 8348 7918 7912 7777 8189
48700 8984 8388 7941 7930 7785 8189
48800 8974 8400 7951 7975 7815 8224
48900 8997 8420 7989 7977 7838 8268
49000 9023 8420 7987 8006 7858 8285
49100 9050 8454 8008 8003 7877 8289
49200 9061 8461 8030 8021 7891 8315
49300 9123 8483 8058 8065 7929 8338
49400 9122 8500 8075 8068 7958 8364
49500 9123 8550 8105 8107 7978 8391
49600 9147 8562 8116 8114 7987 8405
49700 9165 8569 8129 8139 8020 8417
49800 9202 8590 8147 8151 8019 8449
49900 9193 8629 8173 8170 8029 8448
50000 9366 8717 8231 8208 8050 8512
50100 9239 8672 8383 8444 8221 8713
50200 9437 8763 8340 8324 8259 8635
50300 9447 8774 8363 8374 8097 8568
50400 9300 8715 8262 8268 8107 8574
50500 9478 8749 8292 8291 8122 8587
50600 9340 8738 8288 8312 8139 8608
50700 9335 8747 8316 8306 8154 8617
50800 9361 8796 8464 8459 8168 8647
50900 9362 8824 8358 8354 8195 8664
51000 9374 8842 8345 8340 8210 8697
51100 9382 8851 8349 8348 8240 8715
51200 9424 8872 8364 8356 8248 8725
51300 9412 8890 8372 8372 8266 8699
51400 9445 8908 8388 8384 8283 8675
51500 9486 8928 8437 8430 8307 8649
51600 9516 8959 8438 8439 8330 8638
51700 9517 8970 8443 8446 8331 8588
51800 9536 8952 8450 8449 8357 8564
51900 9575 8992 8481 8477 8536 8694
52000 10351 9189 8505 8496 8400 8492
52100 9581 9000 8497 8496 8415 8453
52200 9612 9042 8518 8519 8414 8437
52300 9628 9035 8525 8528 8424 8595
52400 9837 9238 8729 8721 8634 8629
52500 9840 9227 8741 8746 8847 8490
52600 9681 9091 8595 8585 8488 8492
52700 9701 9104 8595 8595 8501 8502
52800 9707 9099 8617 8618 8561 8530
52900 9712 9280 8788 8798 8695 8713
53000 9754 9142 8680 8684 8570 8571
53100 9750 9151 8675 8651 8566 8570
53200 9768 9147 8680 8712 8586 8585
53300 9797 9161 8701 8697 8619 8781
53400 9979 9354 8884 8872 8806 8810
53500 9990 9272 8760 8734 8829 8836
53600 10043 9385 8921 8914 8853 8852
53700 10036 9392 8928 8925 8871 8868
53800 10061 9414 8954 8954 8904 8887
53900 9900 9250 8801 8814 8758 8741
54000 9936 9272 8836 8843 8765 8761
54100 9952 9291 8836 8831 8777 8778
54200 9958 9484 9026 9018 8943 8786
54300 9976 9326 8892 8894 8825 8797
54400 10005 9513 9068 9067 8992 8990
54500 10212 9372 8935 8946 8847 8858
54600 10054 9384 8924 8944 8846 8844
54700 10056 9380 8951 8934 8862 8857
54800 10083 9392 8961 8953 8872 8874
54900 10114 9427 8982 8993 8953 8976
55000 10124 9453 9016 8991 8929 9184
55100 10448 9605 9194 9200 9165 9120
55200 10144 9467 9014 9015 8960 8955
55300 10182 9490 9126 9056 8981 8976
55400 10190 9499 9064 9065 8997 9009
55500 10205 9529 9089 9097 9027 9018
55600 10214 9548 9082 9087 9023 9030
55700 10213 9552 9117 9129 9053 9061
55800 10258 9620 9128 9139 9062 9061
55900 10274 9669 9310 9246 9303 9210
56000 10535 9744 9313 9360 9241 9371
56100 10435 9746 9370 9362 9314 9168
56200 10342 9701 9255 9365 9330 9705
56300 10378 9674 9339 9838 9384 9479
56400 10565 9733 9425 9262 9170 9223
56500 10390 9777 9350 9313 9260 9244
56600 10635 9841 9366 9471 9316 9308
56700 10650 9775 9676 9372 9443 9289
56800 10507 9875 12470 9462 9396 9428
56900 10488 9818 9425 9401 9376 9402
57000 10492 9780 9331 9333 10539 9448
57100 10730 9958 9492 9541 9649 9518
57200 10742 10277 9642 9702 9519 9513
57300 10921 10034 9679 9730 9657 9453
57400 10806 10318 9856 9629 9477 9594
57500 10853 10296 9666 9556 9586 9866
57600 10722 10129 9754 9625 9738 9720
57700 10768 10120 9779 9742 9572 9558
57800 10620 9926 9663 9565 9653 9784
57900 10949 10100 9727 9750 9790 9635
58000 10895 10258 9749 9686 9833 9677
58100 11200 10173 9768 9799 9781 9738
58200 10879 10214 9792 9787 9744 9744
58300 10949 10377 9939 9841 9803 9853
58400 10832 10175 9725 9676 9626 9891
58500 10934 10179 9770 9822 9651 9805
58600 11029 10132 9692 9728 9658 9587
58700 10755 10221 9756 10071 10123 9873
58800 10861 10283 9806 9755 10059 9887
58900 11097 10266 9823 9903 9805 10027
59000 11075 10373 10026 9969 9829 9882
59100 11068 10375 9973 9989 9872 10001
59200 11035 10488 10033 9977 9844 9685
59300 10976 10230 9858 9729 9707 9701
59400 11123 10486 9778 9789 9723 9717
59500 10878 10194 9907 9808 9767 9758
59600 10904 10201 9749 9789 9782 9796
59700 10938 10241 9785 9802 9822 9803
59800 10968 10249 9797 9795 9798 9832
59900 11005 10624 10170 10206 10236 9802
60000 11167 10299 9865 10002 9912 9934
60100 11253 10712 10318 10132 10385 10247
60200 11266 10762 10139 10002 10055 10072
60300 11077 10475 9955 10344 10054 9958
60400 11234 10389 10326 10553 10385 10151
60500 11300 10539 10160 10157 10123 10127
60600 11391 10540 10141 10074 10092 10286
60700 11343 10639 10169 10117 10219 10138
60800 11312 10669 10112 10178 10195 10214
60900 11369 10658 10217 10257 10192 10293
61000 11435 10920 10398 10284 10222 10210
61100 11408 10814 10364 10349 10253 10374
61200 11752 10802 10338 10292 10453 10348
61300 11763 11125 10334 10454 10505 10269
61400 11427 10665 10162 10130 10263 10484
61500 11436 10933 10277 10276 10321 10252
61600 11572 11050 10535 10587 10289 10391
61700 11545 10800 10463 10491 10660 10347
61800 11477 10751 10373 10334 10343 10581
61900 11598 10762 10439 10362 10437 10490
62000 11760 10813 10363 10433 10395 10374
62100 11605 10891 10495 10353 10369 10341
62200 11580 10976 10580 10447 10410 10561
62300 11745 10982 10479 10488 10465 10568
62400 11712 11175 13672 10671 10822 10714
62500 11685 11046 10724 10394 10606 10553
62600 11971 10888 10655 10452 10487 10550
62700 11951 10989 10797 10554 10513 10630
62800 11876 11106 10741 10631 10835 10729
62900 11930 11158 10983 10479 10605 10637
63000 11755 10936 10715 10603 10688 10986
63100 11809 10955 10754 10488 10542 10683
63200 11977 11171 10821 10565 10638 10690
63300 11796 10992 10774 10803 10746 10774
63400 11991 11071 10926 10761 10853 10627
63500 11895 11271 11079 10724 10710 10989
63600 11846 11050 11001 10556 10571 10655
63700 11863 11030 11143 10566 10602 10760
63800 11871 10992 10887 10681 11059 10887
63900 11832 11263 10912 10837 10559 10720
64000 11978 11178 11016 10726 10659 10961
64100 11953 11140 11101 10656 10708 10875
64200 12128 11418 11061 10952 10808 10884
64300 11996 11187 11201 10902 10939 11077
64400 12138 11216 11387 10892 10834 11018
64500 12214 11256 11149 10952 11014 11002
64600 12060 11395 11179 10726 10747 10893
64700 12109 11331 11232 10855 10769 10953
64800 12081 11262 11203 11476 10752 10858
64900 12035 11165 11117 10716 10689 10897
65000 12145 11359 11358 10894 10794 10837
65100 12082 11286 11176 10819 10886 10862
65200 12206 11391 11341 10927 10926 11041
65300 12129 11381 11407 10988 10869 11158
65400 12251 11550 11552 11326 11447 11317
65500 12147 11413 11555 10946 10984 11019
65600 12563 11497 11431 11009 11008 11158
65700 12287 11555 11572 11098 10998 11097
65800 12150 11472 11774 11058 10986 11332
65900 12211 11965 11451 11136 10966 11147
66000 12357 11643 11514 11075 11073 11390
66100 12394 11666 11572 11111 11102 11295
66200 12311 11641 11740 11231 11220 11245
66300 12402 11691 11546 11114 11097 11385
66400 12467 11800 11751 11172 11259 11571
66500 12515 11844 12060 11220 11280 11251
66600 12416 11733 11790 11186 11163 11272
66700 12428 11721 11805 11309 11351 11461
66800 12492 11749 11682 11768 11269 11369
66900 12744 12215 18135 11288 11368 11347
67000 12656 11923 12048 11424 11284 11549
67100 12584 11761 11786 11435 11276 11346
67200 12547 11864 11705 11283 11295 11485
67300 12838 12026 12062 11337 11307 11543
67400 12564 11640 11791 11078 11296 11424
67500 12661 11701 11875 11111 11093 11432
67600 12718 11652 11672 11335 11080 11417
67700 12734 11999 12012 11367 11391 11567
67800 12657 11724 11713 11309 11125 11524
67900 12716 11673 12191 11354 11266 11340
68000 12736 11952 11752 11276 11289 11443
68100 12688 11738 12199 11856 11507 11628
68200 12881 12075 11916 11466 11545 11897
68300 12872 11928 12196 11741 11844 12088
68400 12806 12077 11918 11602 11385 11604
68500 12851 11988 12078 11669 11576 11740
68600 12787 12058 11950 11539 11384 11654
68700 12781 11905 11902 11292 11536 11537
68800 12809 11910 11815 11295 11349 11546
68900 12902 11836 12140 12015 11583 11760
69000 12973 11946 12130 11479 11394 11634
69100 12892 11999 11971 11467 11485 11651
69200 12991 12311 12033 11555 11528 11765
69300 13018 12151 11971 11530 11606 11785
69400 14029 12315 12024 11623 11565 11637
69500 12932 11917 11926 11502 11612 11710
69600 13079 12143 12306 11524 11527 11753
69700 13128 12849 12235 11620 11703 11879
69800 13005 12377 12167 11537 11475 11666
69900 13043 11963 12007 11614 11569 11864
70000 12896 12081 12122 12277 11682 11949
70100 12993 12024 11969 11559 11544 11813
70200 12926 12096 12296 11610 11852 11972
70300 12937 12129 12143 11788 11961 11942
70400 13387 12142 12371 12176 12035 12230
70500 13359 12511 12312 11992 11936 11922
70600 12947 12055 12121 11599 11771 11825
70700 13109 12377 12208 11775 11972 11992
70800 13095 12413 12531 12018 11806 11902
70900 13469 12459 12341 11960 11751 12090
71000 13434 12240 12191 11993 11764 12331
71100 13364 12271 12187 11820 11843 12215
71200 13421 12258 12506 11898 11840 12089
71300 13569 12634 12698 12047 12343 12340
71400 13346 12519 12533 11886 12031 12092
71500 13173 12297 12843 12661 11912 12124
71600 13236 12294 12332 12072 11885 12071
71700 13252 12575 12332 11969 11892 12081
71800 13272 12339 12314 11974 12153 12300
71900 13149 12480 12329 11836 11912 12061
72000 13259 12291 12288 11870 11947 12363
72100 13410 12518 12629 12136 12074 12396
72200 13440 12570 12542 12168 12126 12412
72300 13231 12856 12363 12108 15287 12445
72400 13381 12380 12377 11927 12066 12185
72500 13264 12375 12457 12132 12160 12438
72600 13519 12533 12686 12093 12190 12506
72700 13414 12524 12548 12042 12018 12351
72800 13398 12650 12528 12336 12418 13008
72900 13614 12595 12575 12091 12142 12480
73000 13504 12522 12523 12126 12587 12584
73100 13603 12648 12568 12104 12180 12398
73200 13554 12623 12625 12455 12180 12636
73300 13834 12702 12751 12173 12315 12758
73400 13520 12634 12721 12556 12573 12754
73500 13593 12618 12595 12100 12086 12379
73600 13582 12652 12652 12574 12235 12539
73700 13501 13178 12985 12403 12496 12760
73800 13719 12808 12929 12415 12230 12477
73900 13481 12720 12696 12260 12760 12975
74000 13726 12912 12831 12378 12282 12507
74100 13580 12747 12628 12261 12324 12657
74200 13656 12826 13573 12386 12578 12916
74300 13598 12931 12760 12668 12569 12953
74400 14443 12977 13055 12687 12413 12700
74500 13817 13032 13199 12477 12397 12587
74600 13553 12719 12720 12355 12344 12621
74700 13592 12760 12928 12349 12357 12618
74800 13589 12797 12982 12439 12401 12650
74900 13588 12765 12796 12381 12605 12691
75000 13614 12802 12810 12439 12404 12655
75100 13841 12828 12801 12441 12433 12929
75200 13617 12844 12865 12427 12432 12707
75300 13695 12854 13132 12884 12783 12974
75400 14079 13276 12918 12832 12820 12839
75500 13848 13001 12978 12591 12881 13160
75600 14076 13261 13272 12821 12825 13119
75700 13826 13043 13056 12653 12642 12980
75800 13843 13094 13066 12660 12621 12951
75900 13904 13007 13075 12654 12628 12986
76000 13977 13413 13190 12880 12615 13084
76100 14142 13264 13341 12851 12907 13039
76200 13802 13011 13057 12697 12719 13049
76300 14134 13146 13463 12959 13438 13617
76400 14321 13291 13228 12749 12843 13134
76500 14393 13539 13513 13409 13799 13898
76600 14362 13913 14514 13197 12969 13106
76700 14219 13141 13110 13084 13079 13130
76800 13996 13612 13622 12705 12867 13513
76900 14314 13228 13255 13094 12938 13181
77000 14145 13553 13648 12866 12903 13340
77100 14384 13205 13295 12905 13172 13232
77200 14071 13289 13270 12762 12759 13151
77300 14198 13504 13586 13067 13075 13419
77400 14378 13260 13572 13089 13285 13160
77500 14509 13557 13496 13079 13058 13426
77600 14444 13410 13688 13185 12952 13347
77700 14212 13637 13575 12896 13322 13354
77800 14238 13705 13701 13172 13065 13514
77900 14212 13536 13299 12860 12859 13247
78000 14451 13505 13743 13638 13151 13541
78100 14415 13616 13660 13283 12936 13338
78200 14200 13391 13491 13416 13236 13538
78300 14240 13396 13429 13167 13006 13384
78400 15042 13703 13535 13252 12961 13354
78500 14249 13364 13372 13236 13216 13526
78600 14598 13539 13452 13176 13040 13429
78700 14393 13496 13570 13063 13149 14891
78800 14541 13557 13542 13364 13218 13910
78900 14490 13730 13825 13327 13519 13857
79000 14445 13973 13889 13269 13355 13749
79100 14744 13647 13854 13387 13579 13784
79200 14747 13631 13520 13409 13421 13838
79300 14691 14016 13807 13465 13589 13961
79400 14952 14072 14034 13622 14142 13928
79500 14926 13911 13847 13567 13326 13679
79600 14622 15029 14229 13483 13349 13721
79700 14766 13767 13746 13385 13427 13613
79800 14595 13958 13805 13311 13331 13798
79900 14949 13869 13966 13260 13213 13861
80000 14694 13768 13953 13449 13543 13979
80100 14541 13848 13837 13682 13580 13981
80200 14592 14141 14081 13620 13663 13840
80300 14638 13865 13851 13450 13432 13928
80400 14691 14207 13845 13447 13366 13854
80500 14577 13737 13720 13345 13462 13835
80600 14703 13750 13885 13440 13391 14213
80700 14767 13905 13965 13621 13794 14072
80800 14673 13866 14174 13764 13581 13892
80900 14726 13903 13971 13524 13570 13814
81000 14626 13791 13795 13428 13571 14041
81100 14783 13831 14129 13773 13744 14175
81200 14826 14025 14013 13534 13775 13963
81300 15116 14282 14288 13749 13699 14034
81400 14819 14301 14226 13600 13826 14395
81500 14969 14262 14269 13754 13556 14112
81600 14802 14013 14059 13637 13687 14349
81700 14864 14088 14283 13905 13943 15150
81800 14839 14086 14061 13577 13627 14212
81900 15085 14163 14277 13965 14015 14409
82000 15140 14249 14107 13964 14160 14408
82100 15039 14359 14342 13837 13739 14227
82200 15096 14472 14905 14047 14116 14555
82300 15311 14588 14343 14048 13820 14395
82400 15135 14413 14479 14026 13727 14390
82500 14999 14385 14429 14042 13805 14268
82600 15341 14653 14388 13967 13906 14376
82700 15393 14478 14406 14066 14222 14296
82800 15151 14319 14198 13998 13787 14382
82900 15345 14568 14492 14180 14152 14557
83000 15218 14391 14263 13982 13831 14908
83100 15186 14375 14249 13983 13847 14267
83200 15316 14549 14398 14153 14956 14418
83300 15338 14616 14441 14179 13994 14442
83400 15397 14589 15284 14401 14037 14501
83500 15437 14877 14630 14403 14479 14700
83600 15659 14832 14532 14378 14054 14488
83700 15465 14875 14525 14243 14079 14899
83800 15424 14581 14357 14125 13977 14408
83900 15384 14621 14884 14509 14238 15023
84000 15416 14682 14575 14496 13978 14616
84100 15966 14797 14763 14352 14522 15010
84200 16176 15216 14797 14540 14183 14911
84300 16023 15119 14619 14420 14007 14517
84400 15507 14773 14602 14401 14321 14691
84500 16018 14975 14649 14481 14387 14719
84600 15756 14968 14990 14498 14423 14948
84700 16063 14989 14980 14790 14477 14857
84800 16392 15063 14843 14701 14088 14647
84900 15649 14902 14634 14732 14449 15159
85000 15803 14956 14723 14898 14473 15091
85100 16125 15420 14812 14609 14621 15238
85200 16257 15465 15046 14974 14177 14905
85300 16200 15491 15814 14778 14345 15112
85400 15882 15529 15017 14847 14343 14894
85500 16321 15781 15021 15016 14645 15210
85600 15990 15212 14798 14707 14368 14911
85700 15971 15300 14814 14818 14454 14885
85800 15922 15266 14723 15014 14755 15310
85900 16048 15590 14742 15037 14722 15240
86000 16285 15545 14987 15508 14522 15112
86100 15977 15333 14882 15150 14650 15269
86200 16096 15651 14876 15029 14472 15057
86300 15950 15302 14894 15173 14779 15466
86400 16215 15395 14782 14760 14433 15212
86500 16442 15586 15271 15175 14494 15003
86600 16073 15379 14780 14936 14960 15388
86700 16246 15763 15112 14959 14917 15267
86800 16358 15663 15335 15264 14959 15224
86900 16517 15718 14983 14846 14510 15085
87000 16329 15938 15011 14980 14638 15181
87100 16406 15855 15229 15303 14775 15261
87200 16423 15882 15112 14883 14538 15131
87300 16259 15675 15024 15318 14836 15527
87400 16713 15862 15159 15323 15010 15609
87500 16467 15788 15246 15072 14850 15411
87600 16323 15999 15233 15294 14910 15422
87700 16481 16110 15172 15332 15049 15402
87800 17013 16075 15782 15346 14969 15384
87900 17564 16055 15183 15219 14898 15524
88000 16479 16187 15293 15394 14954 15443
88100 17000 16270 15310 16071 15015 15585
88200 16657 16179 15450 15754 15254 15391
88300 16688 16228 15427 15435 15152 15703
88400 16916 16107 15432 15415 15335 15680
88500 17034 16001 15303 15509 15068 15469
88600 16621 15999 15216 15194 14831 15455
88700 16726 15986 15110 15162 14799 15650
88800 16653 15964 15148 15159 14925 15483
88900 17177 16470 15478 15704 15272 15988
89000 17263 16450 15747 15595 15462 15931
89100 17338 16625 15715 15842 15428 15950
89200 17255 16608 15488 15506 15296 15989
89300 16926 16797 15557 15630 15154 15781
89400 17107 16154 15326 15317 17976 15847
89500 17094 16209 15484 15376 15072 16064
89600 17351 16341 16033 15285 14949 15661
89700 16835 16180 15449 15949 15695 16286
89800 17248 16615 15820 15659 15215 15853
89900 17087 16746 15412 15435 15168 15761
90000 17123 16335 15420 15537 15490 16016
90100 17739 16511 15796 15615 15255 15787
90200 17154 16377 16410 15761 15421 15927
90300 17387 16723 15583 15599 15515 16166
90400 17446 16756 15798 15856 15425 15830
90500 17115 16612 16042 15884 15183 15985
90600 17100 16501 15890 15882 15356 15999
90700 17474 17037 15850 15951 15373 16250
90800 17905 16437 15599 15633 15720 15897
90900 17145 16805 15925 16040 15426 15969
91000 17789 16380 15518 15521 15291 16116
91100 17522 16888 16091 16070 15568 15954
91200 17292 16662 15575 15563 15292 15940
91300 17467 16824 16000 15867 15632 16246
91400 17273 16492 15596 15633 15603 16306
91500 17764 16969 16072 16186 15850 16459
91600 17673 16847 16079 15957 15586 16045
91700 17851 16974 15773 15786 15861 16503
91800 17926 17161 16125 16083 15709 16547
91900 17424 17054 16133 16083 15710 16166
92000 18402 17082 16190 16081 15548 16253
92100 17418 16590 15716 15846 16017 16525
92200 17768 16807 16149 16133 15763 16411
92300 18356 16756 16234 15754 15511 16177
92400 17517 16645 15749 15982 15771 16486
92500 17867 16980 16080 15787 15750 16502
92600 17904 17006 16082 16083 16913 16665
92700 17905 17027 15897 15878 15699 16457
92800 18390 16724 15801 15827 15553 16413
92900 17944 17051 16134 16129 15824 16572
93000 17976 17275 15891 15939 15563 16366
93100 17691 16799 15927 15894 15590 16347
93200 17717 16798 15915 15914 15597 16354
93300 17713 16808 15948 16260 15909 16716
93400 18279 17183 16175 16050 15900 16708
93500 18060 17229 16129 16078 15823 16543
93600 17958 17000 16155 16038 15788 16578
93700 17971 16992 16153 16144 15844 16681
93800 18041 17025 16154 16103 15822 16663
93900 18011 17135 16476 16370 16210 16685
94000 18164 17053 16344 16250 16217 16983
94100 18397 17405 16506 16501 16213 17021
94200 18054 17098 16242 16236 15939 16872
94300 18287 17285 16386 16389 16078 16930
94400 18314 17314 16396 16394 16128 16910
94500 18371 17312 16414 16409 16113 16675
94600 18027 17025 16150 16161 15831 16666
94700 18078 17038 16169 16233 16188 16958
94800 18064 17172 16551 16557 16210 17878
94900 18345 17343 16390 16406 16325 16981
95000 18451 17251 16486 16329 16243 16858
95100 18379 17648 16528 16437 15976 16798
95200 18153 17095 16235 16231 15974 16780
95300 18199 17125 16264 16266 15978 16817
95400 18224 17193 16313 16651 16339 17195
95500 18579 17174 16379 16769 16178 16994
95600 18406 17293 16484 16425 16266 17247
95700 18439 17432 16746 16583 16285 17032
95800 18509 17583 16679 16615 16185 17196
95900 18844 17621 16839 16818 16266 17078
96000 18761 17596 16662 16591 16379 17130
96100 18758 17530 16589 16753 16213 17100
96200 19312 17819 16529 16454 16483 17436
96300 18809 17279 16914 16876 16496 17212
96400 18776 17835 16576 16888 16651 17336
96500 18946 17910 16848 16485 16501 17401
96600 18690 17408 16822 16452 16253 17113
96700 18565 17682 16830 16871 16421 17287
96800 19017 17913 16881 16830 16333 17191
96900 18629 17502 17987 16884 16380 17199
97000 18558 17667 17068 17257 16945 17645
97100 19484 18163 16981 17249 17239 18041
97200 18805 17800 16708 16653 16334 17192
97300 18672 17491 16638 16655 16674 17784
97400 19161 17876 16713 17006 16750 17581
97500 19082 17865 16984 16959 16685 17305
97600 18737 17568 16992 16988 16419 17300
97700 18744 17549 16878 17003 16622 17780
97800 20323 17777 16952 16777 16639 17799
97900 19051 21664 17223 17311 16805 17872
98000 19255 18191 17175 17033 17087 17862
98100 19375 18172 17263 17261 16974 18687
98200 19324 17982 17254 17505 17328 18005
98300 19425 18162 17280 17305 16874 17828
98400 19544 17949 17050 17364 16904 17957
98500 19152 18235 17331 17232 17063 17831
98600 19587 18169 17361 17308 17001 18095
98700 19586 18009 16946 16962 16637 17757
98800 19469 17899 17009 16960 17402 18579
98900 20235 18856 17674 17641 17348 17995
99000 19606 18370 17773 17427 17099 18323
99100 19559 18255 17332 17102 16815 18065
99200 19265 18124 17626 17542 16976 17999
99300 19546 18630 17519 22084 17188 18257
99400 20004 18975 17872 17496 17439 18175
99500 19515 18369 17664 17671 17331 18092
99600 19472 18396 17739 17498 17256 18314
99700 19854 18791 18009 17486 17297 18032
99800 19618 18329 17543 17501 17347 18193
99900 19764 18498 17598 17432 17222 18030
100000 19618 18321 17617 17586 17354 18176
