500 4
600 5
700 5
800 6
900 6
1000 6
1100 7
1200 7
1300 7
1400 7
1500 9
1600 11
1700 14
1800 15
1900 22
2000 25
2100 28
2200 31
2300 32
2400 39
2500 32
2600 39
2700 41
2800 43
2900 54
3000 55
3100 59
3200 63
3300 67
3400 74
3500 72
3600 76
3700 76
3800 87
3900 92
4000 96
4100 89
4200 100
4300 92
4400 98
4500 104
4600 109
4700 114
4800 121
4900 128
5000 124
5100 126
5200 128
5300 139
5400 148
5500 137
5600 146
5700 173
5800 172
5900 183
6000 185
6100 164
6200 174
6300 176
6400 187
6500 197
6600 194
6700 194
6800 208
6900 209
7000 223
7100 226
7200 224
7300 217
7400 223
7500 234
7600 245
7700 250
7800 255
7900 240
8000 259
8100 244
8200 245
8300 258
8400 258
8500 264
8600 249
8700 260
8800 274
8900 299
9000 294
9100 288
9200 262
9300 276
9400 267
9500 282
9600 307
9700 332
9800 336
9900 350
10000 338
10100 323
10200 335
10300 357
10400 362
10500 347
10600 375
10700 367
10800 405
10900 377
11000 374
11100 370
11200 378
11300 403
11400 408
11500 403
11600 435
11700 435
11800 411
11900 422
12000 440
12100 429
12200 408
12300 404
12400 416
12500 430
12600 427
12700 423
12800 441
12900 447
13000 455
13100 464
13200 464
13300 472
13400 492
13500 487
13600 497
13700 502
13800 483
13900 492
14000 505
14100 501
14200 517
14300 500
14400 507
14500 497
14600 499
14700 511
14800 520
14900 520
15000 531
15100 537
15200 544
15300 562
15400 573
15500 577
15600 578
15700 621
15800 587
15900 597
16000 606
16100 607
16200 610
16300 638
16400 663
16500 633
16600 690
16700 661
16800 642
16900 631
17000 657
17100 647
17200 623
17300 637
17400 638
17500 660
17600 673
17700 677
17800 699
17900 699
18000 678
18100 703
18200 700
18300 712
18400 710
18500 698
18600 712
18700 709
18800 721
18900 751
19000 718
19100 756
19200 761
19300 742
19400 783
19500 763
19600 792
19700 788
19800 809
19900 808
20000 866
20100 799
20200 813
20300 803
20400 817
20500 830
20600 826
20700 878
20800 841
20900 890
21000 886
21100 883
21200 888
21300 884
21400 844
21500 849
21600 859
21700 882
21800 865
21900 854
22000 865
22100 862
22200 886
22300 892
22400 900
22500 923
22600 940
22700 930
22800 934
22900 945
23000 954
23100 958
23200 961
23300 992
23400 976
23500 956
23600 967
23700 937
23800 960
23900 975
24000 985
24100 990
24200 992
24300 985
24400 988
24500 990
24600 988
24700 988
24800 1020
24900 1045
25000 1059
25100 1028
25200 1037
25300 1003
25400 1014
25500 1039
25600 1037
25700 1051
25800 1072
25900 1080
26000 1102
26100 1096
26200 1093
26300 1089
26400 1108
26500 1109
26600 1139
26700 1145
26800 1235
26900 1166
27000 1133
27100 1174
27200 1197
27300 1189
27400 1186
27500 1192
27600 1174
27700 1168
27800 1181
27900 1175
28000 1176
28100 1188
28200 1203
28300 1207
28400 1220
28500 1208
28600 1206
28700 1227
28800 1251
28900 1224
29000 1248
29100 1237
29200 1255
29300 1207
29400 1215
29500 1223
29600 1229
29700 1243
29800 1245
29900 1229
30000 1274
30100 1238
30200 1253
30300 1357
30400 1275
30500 1380
30600 1317
30700 1346
30800 1321
30900 1332
31000 1324
31100 1361
31200 1360
31300 1342
31400 1335
31500 1335
31600 1323
31700 1353
31800 1366
31900 1361
32000 1317
32100 1297
32200 1328
32300 1328
32400 1333
32500 1356
32600 1351
32700 1369
32800 1377
32900 1357
33000 1395
33100 1418
33200 1446
33300 1438
33400 1455
33500 1446
33600 1455
33700 1399
33800 1401
33900 1415
34000 1476
34100 1448
34200 1456
34300 1472
34400 1486
34500 1474
34600 1464
34700 1493
34800 1449
34900 1502
35000 1531
35100 1503
35200 1472
35300 1494
35400 1516
35500 1537
35600 1549
35700 1545
35800 1573
35900 1566
36000 1559
36100 1618
36200 1614
36300 1627
36400 1623
36500 1619
36600 1631
36700 1638
36800 1625
36900 1637
37000 1633
37100 1642
37200 1623
37300 1573
37400 1607
37500 1597
37600 1633
37700 1651
37800 1683
37900 1696
38000 1661
38100 1667
38200 1685
38300 1703
38400 1699
38500 1705
38600 1702
38700 1691
38800 1695
38900 1764
39000 1738
39100 1731
39200 1767
39300 1769
39400 1789
39500 1763
39600 1775
39700 1803
39800 1774
39900 1814
40000 1918
40100 1778
40200 1821
40300 1791
40400 1795
40500 1837
40600 1829
40700 1845
40800 1855
40900 1848
41000 1882
41100 1834
41200 1851
41300 1864
41400 1858
41500 1874
41600 1861
41700 1845
41800 1861
41900 1891
42000 1906
42100 1926
42200 1955
42300 1947
42400 1964
42500 1973
42600 1981
42700 1919
42800 1946
42900 1910
43000 1917
43100 1930
43200 1954
43300 1977
43400 1976
43500 1952
43600 1979
43700 2009
43800 1993
43900 1965
44000 1998
44100 1975
44200 1980
44300 1971
44400 2005
44500 2005
44600 2024
44700 2049
44800 2056
44900 2039
45000 2038
45100 2027
45200 2056
45300 2060
45400 2107
45500 2132
45600 2337
45700 2132
45800 2139
45900 2128
46000 2122
46100 2132
46200 2135
46300 2143
46400 2132
46500 2179
46600 2188
46700 2198
46800 2164
46900 2145
47000 2159
47100 2129
47200 2142
47300 2165
47400 2157
47500 2176
47600 2259
47700 2214
47800 2224
47900 2224
48000 2241
48100 2248
48200 2256
48300 2272
48400 2266
48500 2263
48600 2264
48700 2292
48800 2280
48900 2294
49000 2308
49100 2302
49200 2305
49300 2298
49400 2286
49500 2331
49600 2342
49700 2344
49800 2355
49900 2352
50000 2459
50100 2389
50200 2353
50300 2375
50400 2323
50500 2379
50600 2310
50700 2314
50800 2359
50900 2366
51000 2390
51100 2364
51200 2365
51300 2369
51400 2340
51500 2363
51600 2401
51700 2422
51800 2403
51900 2416
52000 2580
52100 2394
52200 2400
52300 2421
52400 2465
52500 2480
52600 2448
52700 2463
52800 2476
52900 2496
53000 2514
53100 2534
53200 2546
53300 2543
53400 2590
53500 2572
53600 2601
53700 2594
53800 2600
53900 2579
54000 2568
54100 2575
54200 2609
54300 2622
54400 2655
54500 2692
54600 2634
54700 2639
54800 2622
54900 2639
55000 2640
55100 2628
55200 2646
55300 2628
55400 2618
55500 2652
55600 2634
55700 2607
55800 2658
55900 2666
56000 2645
56100 2650
56200 2646
56300 2643
56400 2699
56500 2674
56600 2775
56700 2778
56800 2706
56900 2714
57000 2733
57100 2731
57200 2766
57300 2759
57400 2769
57500 2792
57600 2731
57700 2755
57800 2741
57900 2770
58000 2921
58100 2794
58200 2767
58300 2773
58400 2817
58500 2794
58600 2831
58700 2762
58800 2788
58900 2888
59000 2898
59100 2810
59200 2929
59300 2826
59400 2871
59500 2868
59600 2849
59700 2816
59800 2791
59900 2803
60000 2857
60100 2865
60200 2834
60300 2852
60400 2845
60500 2916
60600 3042
60700 2967
60800 3039
60900 2964
61000 3012
61100 3100
61200 3210
61300 3047
61400 3165
61500 3094
61600 3130
61700 3118
61800 3038
61900 3052
62000 3129
62100 3179
62200 3082
62300 3127
62400 3160
62500 3177
62600 3081
62700 3148
62800 3057
62900 3200
63000 3027
63100 3183
63200 3265
63300 3098
63400 3274
63500 3276
63600 3148
63700 3161
63800 3133
63900 3260
64000 3264
64100 3166
64200 3109
64300 3202
64400 3197
64500 3297
64600 3264
64700 3160
64800 3152
64900 3232
65000 3264
65100 3173
65200 3219
65300 3254
65400 3203
65500 3217
65600 3230
65700 3288
65800 3202
65900 3224
66000 3244
66100 3314
66200 3277
66300 3251
66400 3362
66500 3487
66600 3295
66700 3428
66800 3370
66900 3533
67000 3407
67100 3370
67200 3498
67300 3518
67400 3335
67500 3379
67600 3350
67700 3412
67800 3413
67900 3379
68000 3465
68100 3465
68200 3479
68300 3517
68400 3494
68500 3476
68600 3478
68700 3424
68800 3449
68900 3441
69000 3531
69100 3473
69200 3436
69300 3429
69400 4118
69500 3561
69600 3472
69700 3586
69800 3533
69900 3584
70000 3551
70100 3553
70200 3490
70300 3666
70400 3467
70500 3532
70600 3484
70700 3501
70800 3533
70900 3696
71000 3616
71100 3650
71200 3602
71300 3693
71400 3609
71500 3572
71600 3639
71700 3578
71800 3558
71900 3556
72000 3678
72100 3752
72200 3766
72300 3668
72400 3705
72500 3632
72600 3710
72700 3654
72800 3739
72900 3818
73000 3678
73100 3729
73200 3658
73300 3709
73400 3692
73500 3919
73600 3773
73700 3880
73800 3770
73900 3668
74000 3865
74100 3751
74200 3750
74300 3817
74400 4024
74500 3808
74600 3702
74700 3761
74800 3703
74900 3686
75000 3696
75100 3751
75200 3765
75300 3710
75400 3849
75500 3920
75600 3888
75700 3831
75800 3849
75900 3801
76000 3796
76100 3803
76200 3867
76300 3834
76400 3974
76500 3929
76600 4268
76700 3985
76800 3988
76900 3913
77000 3944
77100 4035
77200 3970
77300 3954
77400 3991
77500 3994
77600 3987
77700 4004
77800 3947
77900 3936
78000 3944
78100 4111
78200 3928
78300 3930
78400 4197
78500 4006
78600 4095
78700 4074
78800 4060
78900 4074
79000 4095
79100 4162
79200 4152
79300 4126
79400 4047
79500 4118
79600 4230
79700 4148
79800 4050
79900 4739
80000 4113
80100 4045
80200 4136
80300 4096
80400 4074
80500 4031
80600 4242
80700 4226
80800 4120
80900 4127
81000 4146
81100 4134
81200 4180
81300 4267
81400 4301
81500 4328
81600 4187
81700 4165
81800 4202
81900 4275
82000 4203
82100 4280
82200 4256
82300 4304
82400 4253
82500 4321
82600 4411
82700 4247
82800 4249
82900 4315
83000 4305
83100 4196
83200 4197
83300 4261
83400 4360
83500 4286
83600 4265
83700 4502
83800 4335
83900 4301
84000 4394
84100 4469
84200 4516
84300 4401
84400 4354
84500 4575
84600 4470
84700 4536
84800 4497
84900 4423
85000 4485
85100 4598
85200 4513
85300 4516
85400 4445
85500 4488
85600 4409
85700 4445
85800 4486
85900 4529
86000 4452
86100 4479
86200 4566
86300 4410
86400 4409
86500 4459
86600 4470
86700 4539
86800 4482
86900 4537
87000 4541
87100 4451
87200 4497
87300 4482
87400 4667
87500 4615
87600 4538
87700 4548
87800 4602
87900 4602
88000 4539
88100 4644
88200 4550
88300 4505
88400 4674
88500 4718
88600 4504
88700 4645
88800 4579
88900 4681
89000 6080
89100 4815
89200 4788
89300 4614
89400 4717
89500 4802
89600 5081
89700 4582
89800 4774
89900 4680
90000 4750
90100 5098
90200 4649
90300 4723
90400 4950
90500 4758
90600 4686
90700 4928
90800 4920
90900 4744
91000 4770
91100 4851
91200 4751
91300 4806
91400 4778
91500 4876
91600 4876
91700 4926
91800 4913
91900 4779
92000 4862
92100 4750
92200 4870
92300 5563
92400 4801
92500 4880
92600 4889
92700 4864
92800 4885
92900 4906
93000 4972
93100 4897
93200 4881
93300 4883
93400 4986
93500 4968
93600 4944
93700 4940
93800 4919
93900 4937
94000 4956
94100 5003
94200 4995
94300 4909
94400 4913
94500 4904
94600 4879
94700 4912
94800 4897
94900 4893
95000 4893
95100 4896
95200 4893
95300 4889
95400 4936
95500 5032
95600 5323
95700 5021
95800 4996
95900 5143
96000 5029
96100 5168
96200 5326
96300 5188
96400 5073
96500 5162
96600 5170
96700 5126
96800 5308
96900 5066
97000 5099
97100 5252
97200 5083
97300 5037
97400 5179
97500 5056
97600 4964
97700 4964
97800 5375
97900 5218
98000 5176
98100 5193
98200 5229
98300 5257
98400 5298
98500 5221
98600 5235
98700 5247
98800 5044
98900 5414
99000 5322
99100 5263
99200 5188
99300 5358
99400 5473
99500 5347
99600 5393
99700 5432
99800 5362
99900 5358
100000 5333
