500 95
600 101
700 107
800 125
900 128
1000 146
1100 145
1200 147
1300 166
1400 161
1500 167
1600 176
1700 183
1800 197
1900 209
2000 223
2100 233
2200 246
2300 260
2400 269
2500 284
2600 297
2700 310
2800 327
2900 338
3000 350
3100 371
3200 380
3300 390
3400 409
3500 420
3600 434
3700 448
3800 464
3900 481
4000 493
4100 508
4200 516
4300 529
4400 542
4500 558
4600 570
4700 587
4800 597
4900 610
5000 625
5100 637
5200 657
5300 668
5400 684
5500 702
5600 711
5700 731
5800 742
5900 758
6000 771
6100 787
6200 805
6300 811
6400 827
6500 846
6600 861
6700 873
6800 890
6900 907
7000 924
7100 934
7200 957
7300 989
7400 1001
7500 1018
7600 1040
7700 1051
7800 1073
7900 1073
8000 1099
8100 1095
8200 1112
8300 1120
8400 1131
8500 1143
8600 1155
8700 1183
8800 1187
8900 1213
9000 1218
9100 1264
9200 1281
9300 1262
9400 1280
9500 1394
9600 1351
9700 1341
9800 1370
9900 1382
10000 1407
10100 1403
10200 1406
10300 1422
10400 1505
10500 1483
10600 1473
10700 1486
10800 1491
10900 1522
11000 1523
11100 1544
11200 1557
11300 1570
11400 1598
11500 1632
11600 1614
11700 1633
11800 1663
11900 1695
12000 1702
12100 1703
12200 1709
12300 1740
12400 1756
12500 1763
12600 1795
12700 1781
12800 1818
12900 1824
13000 1844
13100 1865
13200 1869
13300 1890
13400 1906
13500 1933
13600 1935
13700 1950
13800 1961
13900 1986
14000 1999
14100 2020
14200 2029
14300 2046
14400 2074
14500 2094
14600 2130
14700 2120
14800 2135
14900 2147
15000 2170
15100 2191
15200 2205
15300 2216
15400 2241
15500 2264
15600 2274
15700 2309
15800 2391
15900 2326
16000 2340
16100 2380
16200 2388
16300 2471
16400 2421
16500 2516
16600 2435
16700 2485
16800 2476
16900 2497
17000 2492
17100 2504
17200 2553
17300 2574
17400 2560
17500 2652
17600 2579
17700 2651
17800 2657
17900 2702
18000 2673
18100 2680
18200 2752
18300 2723
18400 2761
18500 2770
18600 2797
18700 2787
18800 2788
18900 2813
19000 2875
19100 2814
19200 2872
19300 2888
19400 2971
19500 2986
19600 2973
19700 3004
19800 2997
19900 3056
20000 3041
20100 3044
20200 3007
20300 3033
20400 3104
20500 3094
20600 3110
20700 3169
20800 3117
20900 3200
21000 3210
21100 3271
21200 3208
21300 3222
21400 3175
21500 3201
21600 3207
21700 3230
21800 3242
21900 3257
22000 3279
22100 3289
22200 3310
22300 3325
22400 3347
22500 3353
22600 3392
22700 3409
22800 3418
22900 3446
23000 3445
23100 3458
23200 3471
23300 3565
23400 3582
23500 3587
23600 3608
23700 3558
23800 3579
23900 3594
24000 3607
24100 3627
24200 3646
24300 3655
24400 3678
24500 3694
24600 3716
24700 3727
24800 3751
24900 3775
25000 3786
25100 3796
25200 3814
25300 3831
25400 3848
25500 3850
25600 3885
25700 3903
25800 3984
25900 4002
26000 4024
26100 3960
26200 3988
26300 3999
26400 4011
26500 4026
26600 4050
26700 4094
26800 4434
26900 4187
27000 4133
27100 4219
27200 4233
27300 4250
27400 4259
27500 4279
27600 4302
27700 4311
27800 4334
27900 4353
28000 4372
28100 4382
28200 4405
28300 4340
28400 4368
28500 4382
28600 4395
28700 4413
28800 4530
28900 4460
29000 4571
29100 4581
29200 4586
29300 4507
29400 4534
29500 4540
29600 4557
29700 4576
29800 4605
29900 4618
30000 4836
30100 4673
30200 4676
30300 4855
30400 4721
30500 4880
30600 4777
30700 4763
30800 4784
30900 4806
31000 4822
31100 4936
31200 4951
31300 4962
31400 4982
31500 5006
31600 4921
31700 4951
31800 4959
31900 4980
32000 5004
32100 5013
32200 5029
32300 5076
32400 5061
32500 5080
32600 5107
32700 5120
32800 5153
32900 5149
33000 5162
33100 5179
33200 5321
33300 5306
33400 5312
33500 5322
33600 5346
33700 5254
33800 5436
33900 5274
34000 5301
34100 5317
34200 5330
34300 5348
34400 5353
34500 5379
34600 5391
34700 5419
34800 5417
34900 5549
35000 5562
35100 5579
35200 5497
35300 5506
35400 5529
35500 5544
35600 5552
35700 5729
35800 5709
35900 5699
36000 5627
36100 5739
36200 5763
36300 5803
36400 5799
36500 5804
36600 5833
36700 5851
36800 5868
36900 5886
37000 5916
37100 5926
37200 5848
37300 5863
37400 5888
37500 5891
37600 6026
37700 6037
37800 6045
37900 6055
38000 6068
38100 6087
38200 6112
38300 6123
38400 6140
38500 6152
38600 6171
38700 6195
38800 6204
38900 6244
39000 6247
39100 6264
39200 6288
39300 6304
39400 6306
39500 6220
39600 6229
39700 6249
39800 6264
39900 6400
40000 6499
40100 6337
40200 6439
40300 6440
40400 6451
40500 6398
40600 6404
40700 6439
40800 6445
40900 6461
41000 6589
41100 6499
41200 6526
41300 6560
41400 6565
41500 6580
41600 6594
41700 6618
41800 6622
41900 6628
42000 6651
42100 6645
42200 6676
42300 6705
42400 6706
42500 6725
42600 6756
42700 6768
42800 6798
42900 6935
43000 6813
43100 6820
43200 6974
43300 6876
43400 6879
43500 6892
43600 6919
43700 6937
43800 6947
43900 6968
44000 6989
44100 7024
44200 7019
44300 7036
44400 7055
44500 7060
44600 7109
44700 7095
44800 7243
44900 7142
45000 7150
45100 7179
45200 7203
45300 7231
45400 7256
45500 7296
45600 7277
45700 7314
45800 7335
45900 7336
46000 7338
46100 7344
46200 7362
46300 7396
46400 7401
46500 7415
46600 7454
46700 7459
46800 7469
46900 7490
47000 7512
47100 7514
47200 7534
47300 7555
47400 7566
47500 7591
47600 7764
47700 7622
47800 7648
47900 7658
48000 7682
48100 7706
48200 7712
48300 7735
48400 7757
48500 7793
48600 7764
48700 7785
48800 7830
48900 7836
49000 7879
49100 7880
49200 7895
49300 7943
49400 7944
49500 7978
49600 7984
49700 8005
49800 8019
49900 8032
50000 8247
50100 8105
50200 8246
50300 8219
50400 8110
50500 8117
50600 8142
50700 8150
50800 8176
50900 8184
51000 8206
51100 8230
51200 8254
51300 8262
51400 8281
51500 8308
51600 8342
51700 8349
51800 8346
51900 8365
52000 9081
52100 8453
52200 8415
52300 8430
52400 8624
52500 8633
52600 8499
52700 8504
52800 8526
52900 8550
53000 8659
53100 8729
53200 8586
53300 8619
53400 8808
53500 8840
53600 8852
53700 8864
53800 8903
53900 8815
54000 8761
54100 8777
54200 8801
54300 8784
54400 8814
54500 9011
54600 8848
54700 8862
54800 8873
54900 8905
55000 9204
55100 9064
55200 8990
55300 8970
55400 9013
55500 9023
55600 9033
55700 9050
55800 9063
55900 9082
56000 9424
56100 9355
56200 9181
56300 9757
56400 9243
56500 9263
56600 10880
56700 9424
56800 9242
56900 9275
57000 9328
57100 9540
57200 9531
57300 9598
57400 9494
57500 9716
57600 9801
57700 9682
57800 9497
57900 9789
58000 9826
58100 9919
58200 9753
58300 9719
58400 9876
58500 9840
58600 9743
58700 9809
58800 9819
58900 10225
59000 9955
59100 9953
59200 10050
59300 9764
59400 9709
59500 9727
59600 9809
59700 9780
59800 9874
59900 9849
60000 10067
60100 10053
60200 10090
60300 9973
60400 10023
60500 10128
60600 10225
60700 10202
60800 10248
60900 10210
61000 10236
61100 10329
61200 10236
61300 10229
61400 10268
61500 10340
61600 10461
61700 10497
61800 10396
61900 10397
62000 10547
62100 10442
62200 10789
62300 10538
62400 10666
62500 10830
62600 10577
62700 10689
62800 10649
62900 10772
63000 13491
63100 10689
63200 10663
63300 10723
63400 10679
63500 10882
63600 10759
63700 10749
63800 10733
63900 10842
64000 10808
64100 10953
64200 10806
64300 10839
64400 10892
64500 11113
64600 11139
64700 10938
64800 10875
64900 10968
65000 11088
65100 10826
65200 11296
65300 11289
65400 11127
65500 11312
65600 11113
65700 11280
65800 11178
65900 11068
66000 11236
66100 11178
66200 11223
66300 11258
66400 11310
66500 11156
66600 11201
66700 11260
66800 11332
66900 11477
67000 11294
67100 11321
67200 11370
67300 11570
67400 11198
67500 11316
67600 11303
67700 11434
67800 11360
67900 11257
68000 11365
68100 11228
68200 11490
68300 11510
68400 11606
68500 11490
68600 11513
68700 11302
68800 11468
68900 11319
69000 11500
69100 11556
69200 11406
69300 11626
69400 11685
69500 11486
69600 12452
69700 11644
69800 11904
69900 11657
70000 11623
70100 11621
70200 11967
70300 11668
70400 12039
70500 11971
70600 11712
70700 11689
70800 11758
70900 12605
71000 11998
71100 11859
71200 11954
71300 12285
71400 11952
71500 11836
71600 11869
71700 11905
71800 11960
71900 11913
72000 11989
72100 12113
72200 12463
72300 11989
72400 12034
72500 11942
72600 12108
72700 12381
72800 12356
72900 12373
73000 12132
73100 12610
73200 12262
73300 12197
73400 12204
73500 12545
73600 12593
73700 12855
73800 12534
73900 12240
74000 12462
74100 12355
74200 12287
74300 12499
74400 12747
74500 12621
74600 12418
74700 12393
74800 12404
74900 12640
75000 12410
75100 12473
75200 12434
75300 12451
75400 12832
75500 12909
75600 12867
75700 12553
75800 12587
75900 12644
76000 12671
76100 12902
76200 12580
76300 12804
76400 13074
76500 13048
76600 13259
76700 12707
76800 13127
76900 13072
77000 12779
77100 13060
77200 12828
77300 12928
77400 13047
77500 12902
77600 12956
77700 13080
77800 12994
77900 13027
78000 12979
78100 13320
78200 13028
78300 13010
78400 13625
78500 13004
78600 13210
78700 13095
78800 13606
78900 13378
79000 13217
79100 13530
79200 13243
79300 13602
79400 13454
79500 13562
79600 13608
79700 13552
79800 13353
79900 13275
80000 13765
80100 13448
80200 13414
80300 13457
80400 13440
80500 13418
80600 13740
80700 13802
80800 13560
80900 13438
81000 13396
81100 14369
81200 13474
81300 13602
81400 13812
81500 13781
81600 13514
81700 13691
81800 13665
81900 13730
82000 14044
82100 13881
82200 14168
82300 13843
82400 13974
82500 14111
82600 14295
82700 13846
82800 13824
82900 13923
83000 13965
83100 14000
83200 13957
83300 14054
83400 14145
83500 14094
83600 13994
83700 14091
83800 14402
83900 14044
84000 14183
84100 14334
84200 14554
84300 14375
84400 14008
84500 14242
84600 14434
84700 14563
84800 14277
84900 14139
85000 14321
85100 14557
85200 14614
85300 14581
85400 14363
85500 14605
85600 14498
85700 14415
85800 14433
85900 14654
86000 14634
86100 14320
86200 14747
86300 14426
86400 14847
86500 14687
86600 14432
86700 14693
86800 14682
86900 14900
87000 14772
87100 14654
87200 14756
87300 14668
87400 15110
87500 14839
87600 14613
87700 14760
87800 15146
87900 14658
88000 14935
88100 14769
88200 14842
88300 14793
88400 15145
88500 15291
88600 14814
88700 15052
88800 14904
88900 14913
89000 15135
89100 15263
89200 15641
89300 15016
89400 15065
89500 15296
89600 15148
89700 14955
89800 15352
89900 15137
90000 18490
90100 15893
90200 15094
90300 15282
90400 15315
90500 15134
90600 15211
90700 15646
90800 15558
90900 15256
91000 15280
91100 15547
91200 15297
91300 15297
91400 15425
91500 15793
91600 15652
91700 15598
91800 16797
91900 15717
92000 15849
92100 15394
92200 15720
92300 15777
92400 15439
92500 15765
92600 15800
92700 15877
92800 15742
92900 15862
93000 15837
93100 15629
93200 15635
93300 15611
93400 16010
93500 15955
93600 15820
93700 15860
93800 15860
93900 15906
94000 15903
94100 16219
94200 16226
94300 16070
94400 16129
94500 16129
94600 15843
94700 15939
94800 15874
94900 16046
95000 16161
95100 16103
95200 15938
95300 15975
95400 16000
95500 16306
95600 16528
95700 16313
95800 16178
95900 16564
96000 16356
96100 16375
96200 16650
96300 16591
96400 16596
96500 16620
96600 16598
96700 16233
96800 16803
96900 16328
97000 16307
97100 17106
97200 16781
97300 16374
97400 16753
97500 17605
97600 16416
97700 16448
97800 16763
97900 16863
98000 17021
98100 16940
98200 16846
98300 17362
98400 16961
98500 17226
98600 17008
98700 17242
98800 16710
98900 17248
99000 17188
99100 17138
99200 17230
99300 17163
99400 17748
99500 17202
99600 17344
99700 17513
99800 17469
99900 17361
100000 17215
