500 4 4 5 4 4 4
600 5 5 5 5 5 4
700 6 5 6 6 5 5
800 6 6 6 6 5 5
900 6 6 6 6 6 6
1000 6 6 7 6 6 6
1100 7 7 7 7 6 6
1200 7 7 7 7 7 6
1300 8 7 7 7 7 6
1400 8 7 8 8 7 6
1500 10 9 9 9 9 8
1600 13 12 12 12 11 10
1700 15 14 15 14 14 14
1800 16 15 15 15 15 15
1900 24 26 25 26 22 22
2000 27 26 27 25 25 25
2100 29 28 28 28 27 27
2200 32 31 31 31 31 30
2300 34 32 32 32 32 31
2400 41 40 39 39 39 38
2500 34 36 34 32 32 32
2600 40 41 40 40 39 38
2700 44 45 45 45 43 42
2800 46 45 46 46 46 42
2900 57 56 56 56 54 55
3000 59 57 57 57 55 56
3100 63 61 61 61 59 58
3200 67 67 66 66 63 63
3300 72 69 70 69 67 67
3400 78 77 76 76 73 74
3500 77 74 74 74 72 72
3600 81 79 78 79 76 76
3700 80 78 78 80 75 76
3800 92 90 90 89 87 87
3900 97 95 96 94 95 93
4000 101 99 100 98 99 96
4100 94 91 91 91 90 88
4200 103 101 101 101 100 98
4300 94 92 93 92 92 89
4400 101 98 98 99 99 96
4500 112 105 105 107 104 102
4600 112 111 109 109 109 106
4700 114 113 112 111 111 109
4800 126 123 124 121 121 119
4900 134 131 131 129 128 126
5000 128 128 127 124 124 121
5100 129 130 130 126 135 123
5200 130 132 131 129 128 125
5300 151 145 140 143 135 133
5400 147 146 144 144 140 136
5500 147 148 144 146 137 135
5600 152 150 151 152 146 144
5700 175 173 174 174 170 166
5800 177 175 176 175 171 168
5900 188 187 187 186 183 178
6000 192 189 189 189 185 183
6100 170 168 167 167 163 159
6200 181 177 178 178 173 169
6300 185 181 181 181 176 172
6400 195 191 193 191 187 184
6500 212 202 202 201 197 196
6600 202 196 197 197 194 194
6700 202 201 200 198 197 196
6800 219 213 212 215 209 210
6900 221 218 213 213 209 209
7000 230 227 225 226 221 220
7100 237 231 232 232 226 227
7200 233 233 233 232 228 227
7300 225 223 221 221 217 216
7400 233 228 229 229 224 223
7500 245 241 239 239 238 235
7600 257 252 250 249 245 245
7700 258 255 255 254 249 249
7800 265 263 257 255 253 250
7900 251 252 251 249 250 245
8000 270 266 268 263 263 254
8100 253 250 251 249 250 245
8200 252 250 248 248 249 245
8300 266 262 261 261 261 255
8400 262 258 256 257 255 251
8500 267 265 263 262 262 257
8600 255 249 248 249 249 244
8700 263 259 259 258 258 252
8800 281 274 278 332 299 295
8900 322 285 286 287 289 289
9000 307 293 295 293 293 288
9100 294 289 289 292 290 284
9200 267 263 261 262 262 256
9300 281 276 276 279 277 293
9400 272 266 277 269 267 268
9500 288 291 287 281 281 277
9600 308 304 304 299 298 323
9700 320 315 315 314 313 315
9800 343 341 339 336 333 330
9900 386 339 335 326 333 324
10000 348 347 350 362 338 333
10100 332 331 329 323 321 316
10200 360 331 343 346 325 330
10300 346 351 352 342 342 335
10400 353 362 367 360 350 355
10500 357 358 354 354 372 340
10600 388 378 395 387 366 358
10700 373 377 373 376 367 366
10800 387 387 386 390 381 384
10900 377 374 374 376 363 360
11000 386 399 382 382 378 369
11100 381 379 387 383 368 362
11200 393 391 388 412 407 382
11300 422 431 412 418 402 398
11400 427 414 414 415 407 401
11500 415 414 415 415 404 397
11600 428 423 425 438 420 413
11700 436 430 429 430 421 418
11800 434 421 434 429 409 398
11900 444 431 429 430 420 415
12000 447 473 446 442 437 441
12100 444 437 443 439 431 429
12200 419 434 414 416 405 400
12300 420 407 410 408 402 394
12400 430 423 424 427 416 412
12500 440 430 434 435 431 420
12600 453 434 437 434 426 421
12700 439 428 432 429 421 415
12800 456 448 448 467 443 434
12900 465 452 451 463 444 439
13000 481 464 470 467 457 457
13100 478 468 467 467 457 459
13200 476 471 470 475 469 463
13300 488 481 488 485 498 472
13400 720 496 499 503 478 476
13500 504 497 494 496 489 487
13600 513 506 503 502 499 495
13700 520 516 513 513 503 502
13800 500 493 493 491 480 481
13900 513 504 501 503 490 493
14000 525 517 513 513 507 506
14100 517 510 512 510 500 501
14200 535 528 527 526 516 518
14300 517 512 512 509 501 502
14400 519 512 514 517 506 505
14500 509 504 504 504 494 494
14600 513 506 509 506 497 498
14700 527 520 518 519 509 512
14800 536 529 528 530 520 518
14900 538 528 531 529 521 518
15000 548 543 541 542 531 532
15100 560 547 545 544 537 535
15200 562 553 557 553 544 543
15300 581 571 575 573 565 566
15400 589 579 584 585 573 573
15500 594 585 588 586 579 576
15600 600 592 674 617 608 579
15700 614 612 602 606 606 578
15800 599 593 595 593 603 592
15900 614 608 607 606 607 595
16000 628 618 623 616 616 611
16100 643 620 629 624 615 623
16200 624 702 673 644 634 621
16300 651 630 634 629 640 663
16400 665 651 643 630 631 624
16500 642 655 640 656 657 652
16600 677 684 654 646 647 640
16700 666 667 667 657 659 648
16800 651 650 646 664 666 635
16900 671 641 670 626 627 619
17000 667 665 659 655 668 643
17100 657 634 633 630 630 621
17200 634 644 622 626 628 623
17300 650 641 635 654 650 679
17400 653 646 650 641 640 627
17500 670 662 663 660 661 677
17600 685 702 697 699 674 662
17700 693 683 698 679 687 671
17800 3126 699 707 695 697 682
17900 699 716 821 718 683 673
18000 691 680 681 678 678 681
18100 718 706 703 703 705 693
18200 715 705 705 720 701 694
18300 729 718 733 729 715 705
18400 709 710 692 693 714 684
18500 707 708 711 735 705 688
18600 733 698 719 738 697 686
18700 722 711 711 733 731 699
18800 738 744 738 718 717 724
18900 752 743 757 753 773 725
19000 767 743 729 713 715 704
19100 743 732 745 759 742 728
19200 768 757 760 751 749 740
19300 766 755 749 745 731 718
19400 770 764 766 775 765 745
19500 827 776 774 803 762 759
19600 814 800 801 844 795 794
19700 803 800 861 809 788 780
19800 823 819 818 819 805 810
19900 815 803 805 798 790 781
20000 831 846 812 801 803 788
20100 877 815 817 803 799 833
20200 806 872 813 795 794 782
20300 822 842 840 803 805 817
20400 880 833 834 820 827 823
20500 879 844 847 842 831 823
20600 829 851 900 839 890 833
20700 853 859 878 869 831 834
20800 892 855 850 853 834 843
20900 853 865 869 846 885 842
21000 868 876 932 864 904 851
21100 887 889 895 885 888 858
21200 910 912 911 923 908 892
21300 899 904 901 901 884 872
21400 857 860 862 859 846 832
21500 864 866 865 868 850 839
21600 878 877 876 875 859 847
21700 900 895 895 898 884 866
21800 885 885 882 884 865 852
21900 880 874 875 872 857 842
22000 890 883 883 881 863 852
22100 888 877 881 881 865 847
22200 915 903 904 901 887 875
22300 916 908 911 911 894 878
22400 917 916 918 918 901 887
22500 957 932 940 940 924 961
22600 959 953 960 957 941 928
22700 953 945 949 949 930 920
22800 955 950 950 951 951 920
22900 966 959 960 961 941 932
23000 976 969 971 970 963 941
23100 984 975 977 976 958 944
23200 989 976 980 979 962 966
23300 1019 1011 1010 1011 992 977
23400 1012 1000 999 997 980 967
23500 977 973 974 974 956 942
23600 981 969 977 967 951 935
23700 966 953 956 955 940 923
23800 984 980 977 975 958 950
23900 1003 994 995 992 975 963
24000 1012 1005 1002 1002 985 973
24100 1018 1065 1113 1006 991 980
24200 1016 1004 1003 1007 990 977
24300 1012 997 1002 1003 986 972
24400 1015 1002 1005 1005 986 974
24500 1017 1002 1008 1007 991 979
24600 1016 1003 1005 1005 988 975
24700 1016 999 1006 1007 986 974
24800 1048 1036 1037 1038 1027 1008
24900 1071 1055 1060 1060 1043 1028
25000 1084 1071 1078 1085 1057 1047
25100 1056 1039 1044 1043 1023 1014
25200 1064 1049 1055 1081 1037 1023
25300 1036 1017 1024 1020 1003 988
25400 1040 1026 1025 1024 1008 994
25500 1065 1054 1054 1058 1040 1026
25600 1066 1051 1055 1065 1037 1022
25700 1084 1066 1070 1067 1052 1041
25800 1104 1092 1090 1090 1073 1069
25900 1111 1098 1103 1099 1082 1080
26000 1119 1106 1105 1102 1085 1081
26100 1124 1109 1109 1107 1096 1091
26200 1135 1117 1136 1118 1095 1098
26300 1124 1104 1109 1107 1089 1087
26400 1140 1122 1121 1124 1105 1106
26500 1139 1121 1131 1128 1109 1108
26600 1169 1155 1159 1157 1140 1140
26700 1173 1200 1256 1248 1235 1193
26800 1187 1182 1179 1177 1156 1157
26900 1171 1154 1164 1156 1138 1136
27000 1167 1170 1175 1175 1156 1153
27100 1210 1192 1192 1192 1175 1177
27200 1231 1221 1214 1212 1196 1195
27300 1228 1209 1209 1207 1186 1189
27400 1225 1215 1207 1206 1187 1189
27500 1232 1219 1211 1212 1192 1190
27600 1214 1200 1195 1197 1174 1174
27700 1209 1192 1188 1189 1169 1170
27800 1226 1209 1209 1203 1183 1182
27900 1211 1193 1192 1189 1173 1172
28000 1214 1197 1195 1196 1176 1175
28100 1227 1208 1209 1206 1188 1187
28200 1236 1223 1222 1222 1181 1183
28300 1242 1226 1227 1226 1208 1207
28400 1267 1229 1228 1235 1211 1213
28500 1243 1222 1227 1229 1208 1207
28600 1242 1221 1224 1226 1206 1207
28700 1258 1242 1245 1249 1251 1251
28800 1286 1267 1274 1271 1233 1231
28900 1254 1237 1255 1269 1248 1246
29000 1276 1258 1266 1268 1245 1246
29100 1271 1249 1258 1258 1237 1236
29200 1289 1272 1277 1253 1232 1248
29300 1240 1222 1226 1226 1208 1207
29400 1248 1231 1234 1230 1217 1215
29500 1256 1242 1242 1243 1221 1222
29600 1260 1243 1249 1250 1228 1228
29700 1275 1258 1269 1267 1243 1243
29800 1281 1263 1265 1264 1246 1245
29900 1264 1246 1249 1251 1233 1230
30000 1302 1279 1259 1264 1239 1240
30100 1271 1254 1257 1255 1234 1237
30200 1291 1280 1275 1273 1257 1301
30300 1315 1294 1294 1288 1320 1283
30400 1359 1288 1307 1308 1281 1279
30500 1375 1340 1328 1351 1307 1309
30600 1344 1329 1327 1327 1311 1310
30700 1355 1342 1340 1343 1321 1322
30800 1360 1339 1347 1343 1339 1323
30900 1362 1349 1359 1328 1314 1307
31000 1354 1354 1374 1369 1356 1348
31100 1400 1390 1386 1381 1374 1360
31200 1396 1381 1388 1378 1373 1360
31300 1384 1369 1378 1370 1359 1346
31400 1379 1364 1365 1356 1350 1335
31500 1351 1337 1361 1332 1330 1315
31600 1360 1351 1351 1345 1340 1325
31700 1392 1380 1378 1371 1371 1351
31800 1400 1390 1391 1384 1383 1364
31900 1398 1387 1390 1379 1390 1363
32000 1355 1341 1346 1337 1337 1317
32100 1331 1320 1326 1315 1317 1298
32200 1356 1340 1347 1336 1336 1320
32300 1483 1354 1361 1349 1350 1328
32400 1367 1354 1358 1351 1353 1336
32500 1392 1381 1381 1377 1377 1359
32600 1385 1375 1372 1370 1370 1353
32700 1403 1389 1392 1390 1389 1369
32800 1406 1394 1399 1400 1396 1379
32900 1386 1375 1372 1374 1376 1353
33000 1424 1412 1413 1414 1409 1392
33100 1446 1427 1426 1453 1452 1432
33200 1465 1453 1450 1453 1451 1432
33300 1462 1447 1445 1448 1446 1425
33400 1479 1461 1461 1460 1459 1439
33500 1463 1452 1462 1451 1447 1426
33600 1466 1456 1430 1429 1425 1406
33700 1414 1401 1401 1399 1394 1376
33800 1417 1406 1404 1402 1401 1384
33900 1427 1416 1426 1418 1416 1398
34000 1490 1479 1481 1500 1473 1453
34100 1462 1450 1450 1450 1449 1427
34200 1476 1458 1461 1460 1457 1436
34300 1489 1469 1470 1473 1470 1449
34400 1505 1487 1488 1484 1486 1468
34500 1486 1470 1470 1467 1467 1447
34600 1492 1471 1463 1467 1468 1444
34700 1510 1489 1490 1497 1490 1473
34800 1467 1451 1447 1478 1478 1459
34900 1520 1498 1505 1512 1511 1482
35000 1550 1530 1532 1541 1530 1513
35100 1505 1484 1475 1485 1476 1458
35200 1489 1475 1472 1473 1474 1451
35300 1512 1496 1497 1492 1492 1470
35400 1538 1519 1521 1519 1518 1497
35500 1556 1536 1541 1541 1538 1517
35600 1567 1552 1549 1545 1552 1522
35700 1572 1594 1549 1544 1571 1552
35800 1595 1576 1575 1572 1572 1554
35900 1589 1572 1571 1568 1569 1517
36000 1578 1559 1558 1584 1584 1566
36100 1641 1622 1620 1619 1619 1595
36200 1646 1622 1618 1621 1618 1593
36300 1649 1623 1621 1622 1619 1599
36400 1639 1623 1619 1623 1621 1597
36500 1639 1627 1624 1622 1621 1599
36600 1652 1631 1638 1633 1635 1613
36700 1659 1635 1634 1643 1640 1616
36800 1644 1620 1621 1623 1623 1605
36900 1652 1640 1636 1637 1636 1615
37000 1643 1620 1624 1624 1625 1603
37100 1657 1642 1638 1610 1612 1584
37200 1644 1621 1623 1623 1625 1610
37300 1592 1577 1603 1607 1578 1551
37400 1636 1608 1605 1608 1607 1585
37500 1616 1604 1596 1594 1594 1605
37600 1655 1638 1636 1634 1636 1610
37700 1675 1657 1655 1657 1654 1633
37800 1708 1692 1691 1684 1687 1664
37900 1719 1700 1702 1697 1692 1679
38000 1692 1668 1669 1665 1661 1640
38100 1701 1677 1679 1669 1670 1649
38200 1718 1698 1698 1687 1689 1664
38300 1736 1714 1714 1713 1702 1682
38400 1734 1725 1712 1700 1702 1682
38500 1744 1725 1723 1710 1709 1689
38600 1747 1719 1715 1701 1723 1679
38700 1730 1708 1707 1692 1692 1669
38800 1733 1708 1708 1700 1693 1674
38900 1805 1779 1779 1765 1764 1737
39000 1776 1755 1753 1735 1736 1711
39100 1767 1751 1751 1732 1732 1714
39200 1801 1788 1789 1769 1768 1743
39300 1804 1792 1793 1775 1773 1753
39400 1785 1768 1768 1751 1750 1730
39500 1794 1785 1784 1763 1763 1740
39600 1814 1799 1798 1772 1778 1752
39700 1830 1827 1827 1803 1803 1778
39800 1799 1802 1807 1778 1778 1784
39900 1842 1845 1843 1817 1817 1756
40000 1828 1811 1810 1787 1786 1765
40100 1808 1806 1806 1781 1781 1794
40200 1812 1825 1829 1811 1799 1777
40300 1865 1809 1805 1827 1813 1753
40400 1833 1829 1833 1796 1800 1775
40500 1862 1868 1866 1837 1840 1813
40600 1854 1863 1858 1827 1827 1810
40700 1862 1873 1869 1836 1838 1819
40800 1893 1889 1890 1861 1857 1835
40900 1869 1879 1880 1849 1880 1858
41000 1901 1882 1880 1849 1849 1824
41100 1858 1877 1869 1843 1841 1814
41200 1873 1889 1887 1863 1852 1834
41300 1886 1900 1893 1873 1867 1840
41400 1880 1894 1889 1870 1859 1837
41500 1898 1912 1906 1884 1880 1846
41600 1885 1897 1892 1876 1862 1833
41700 1868 1882 1879 1862 1850 1831
41800 1901 1909 1893 1880 1862 1840
41900 1919 1932 1926 1915 1894 1873
42000 1933 1947 1939 1932 1910 1891
42100 1949 1961 1968 1953 1930 1902
42200 1990 2001 1993 1988 1956 1935
42300 1981 1988 1982 1981 1952 1925
42400 1998 1995 1999 1987 1959 1935
42500 2011 2012 2006 2006 1976 1949
42600 2017 2015 2009 2010 1978 1953
42700 1956 1955 1954 1947 1922 1898
42800 1982 1989 1983 1980 1948 1925
42900 1939 1940 1941 1943 1911 1884
43000 1948 1946 1946 1946 1915 1891
43100 1967 2000 2006 1999 1967 1941
43200 2015 1963 1951 1947 1980 2339
43300 2012 2012 2010 2016 1978 1957
43400 1998 1996 1999 1997 1972 1946
43500 1988 1985 1986 1989 1950 1928
43600 2023 2014 2009 2008 1980 1955
43700 2048 2041 2042 2039 2007 1982
43800 2037 2025 2026 2023 1998 1968
43900 2007 1999 2000 1999 1964 1940
44000 2050 2033 2033 2032 1999 1978
44100 2022 2009 2020 2009 1977 1950
44200 2023 2007 2018 2014 1977 1951
44300 2013 2002 2003 2004 1971 1945
44400 2045 2031 2035 2035 2009 1987
44500 2051 2034 2038 2038 2018 1983
44600 2069 2051 2058 2058 2027 2000
44700 2101 2071 2083 2104 2088 2056
44800 2094 2083 2090 2088 2018 1993
44900 2076 2061 2073 2068 2041 2012
45000 2082 2062 2071 2079 2043 2011
45100 2063 2050 2059 2059 2029 2007
45200 2106 2083 2175 2086 2060 2030
45300 2098 2084 2096 2097 2061 2038
45400 2144 2127 2140 2137 2107 2081
45500 2171 2161 2163 2163 2133 2106
45600 2160 2149 2154 2155 2124 2101
45700 2166 2158 2159 2160 2129 2101
45800 2186 2170 2171 2175 2137 2119
45900 2167 2161 2155 2159 2125 2101
46000 2163 2152 2157 2157 2122 2099
46100 2172 2156 2162 2159 2131 2113
46200 2183 2167 2170 2168 2136 2107
46300 2186 2173 2175 2174 2144 2117
46400 2182 2169 2165 2168 2133 2106
46500 2228 2208 2206 2207 2174 2153
46600 2237 2226 2224 2223 2187 2164
46700 2244 2231 2231 2231 2202 2175
46800 2207 2202 2197 2189 2162 2133
46900 2195 2183 2182 2177 2149 2119
47000 2203 2197 2193 2193 2160 2135
47100 2180 2177 2174 2167 2133 2106
47200 2186 2181 2175 2175 2143 2120
47300 2213 2201 2198 2199 2163 2136
47400 2205 2194 2192 2195 2161 2132
47500 2228 2213 2260 2253 2218 2188
47600 2308 2286 2288 2288 2212 2187
47700 2267 2245 2245 2248 2210 2186
47800 2271 2251 2251 2256 2218 2194
47900 2278 2252 2259 2260 2223 2198
48000 2299 2269 2281 2275 2241 2215
48100 2307 2281 2280 2280 2250 2220
48200 2313 2291 2293 2286 2264 2228
48300 2325 2299 2308 2309 2274 2251
48400 2320 2293 2295 2295 2270 2238
48500 2317 2291 2299 2301 2262 2235
48600 2321 2294 2302 2302 2271 2241
48700 2371 2313 2319 2317 2285 2253
48800 2335 2307 2312 2311 2279 2252
48900 2330 2300 2308 2309 2280 2249
49000 2359 2330 2345 2344 2312 2282
49100 2354 2323 2336 2338 2303 2277
49200 2362 2331 2338 2337 2310 2281
49300 2339 2310 2322 2324 2292 2263
49400 2342 2311 2326 2324 2294 2263
49500 2387 2356 2366 2360 2325 2297
49600 2396 2365 2377 2379 2345 2315
49700 2397 2366 2375 2374 2341 2312
49800 2413 2377 2389 2387 2355 2327
49900 2409 2380 2387 2389 2357 2327
50000 2432 2392 2401 2401 2362 2337
50100 2442 2417 2457 2458 2421 2388
50200 2464 2365 2366 2356 2403 2303
50300 2419 2379 2377 2376 2351 2304
50400 2379 2351 2359 2358 2320 2295
50500 2387 2356 2373 2367 2341 2302
50600 2366 2333 2342 2341 2309 2278
50700 2376 2344 2348 2350 2319 2285
50800 2425 2437 2436 2396 2358 2331
50900 2429 2394 2405 2402 2371 2341
51000 2449 2407 2422 2418 2386 2360
51100 2424 2392 2403 2405 2365 2340
51200 2417 2386 2396 2395 2366 2335
51300 2429 2395 2401 2402 2376 2343
51400 2403 2376 2380 2375 2344 2324
51500 2420 2389 2401 2397 2367 2344
51600 2459 2434 2436 2435 2402 2398
51700 2484 2447 2460 2454 2419 2413
51800 2466 2430 2437 2438 2404 2400
51900 2481 2451 2445 2494 2460 2604
52000 2658 2429 2424 2422 2390 2392
52100 2453 2425 2425 2427 2397 2393
52200 2469 2432 2442 2434 2402 2402
52300 2484 2451 2452 2450 2461 2463
52400 2536 2500 2500 2504 2466 2467
52500 2544 2514 2513 2514 2432 2433
52600 2505 2475 2484 2482 2449 2449
52700 2521 2497 2496 2498 2467 2462
52800 2541 2505 2513 2521 2487 2480
52900 2600 2574 2582 2576 2544 2497
53000 2574 2545 2552 2547 2519 2523
53100 2588 2558 2562 2567 2527 2530
53200 2603 2571 2580 2577 2546 2543
53300 2600 2566 2575 2576 2593 2591
53400 2654 2616 2629 2627 2597 2593
53500 2630 2554 2562 2561 2572 2575
53600 2658 2640 2635 2633 2602 2601
53700 2660 2624 2634 2627 2597 2595
53800 2665 2634 2638 2635 2602 2608
53900 2640 2616 2620 2611 2576 2578
54000 2636 2601 2601 2604 2569 2571
54100 2642 2613 2613 2624 2579 2592
54200 2720 2691 2728 2690 2611 2610
54300 2699 2674 2663 2664 2627 2623
54400 2758 2723 2720 2721 2684 2680
54500 2765 2688 2682 2684 2647 2646
54600 2715 2683 2674 2671 2638 2635
54700 2715 2677 2677 2684 2644 2640
54800 2701 2662 2661 2667 2626 2624
54900 2716 2674 2669 2667 2644 2642
55000 2710 2683 2671 2676 2646 2649
55100 2698 2778 2724 2741 2642 2643
55200 2755 2683 2676 2669 2629 2631
55300 2716 2729 2665 2671 2633 2630
55400 2691 2660 2652 2650 2613 2613
55500 2725 2695 2692 2691 2651 2649
55600 2714 2681 2669 2679 2635 2633
55700 2684 2654 2646 2645 2608 2611
55800 2728 2695 2906 2689 2655 2658
55900 2738 2728 2708 2771 2747 2661
56000 2716 2709 2682 2729 2631 2741
56100 2735 2744 2748 2721 2677 2641
56200 2695 2667 2715 2717 2738 2844
56300 2711 2927 2849 2695 2738 2661
56400 2731 2780 2709 2707 2670 2665
56500 2745 2721 2734 2715 2672 2700
56600 2871 2778 2782 2741 2706 2702
56700 2786 2781 2761 2861 2727 2726
56800 2771 3082 2795 2772 2724 2718
56900 2780 2746 2806 2760 2710 2767
57000 2781 2753 2757 3120 2805 2849
57100 2783 2753 2811 2830 2763 2775
57200 2886 2767 2790 2909 2801 2844
57300 2887 2943 2848 2864 2775 2772
57400 2907 2806 2836 2847 2786 2880
57500 2885 2931 2781 2840 2833 2764
57600 2864 2777 2891 2844 2749 2795
57700 2789 2770 2776 2834 2766 2729
57800 2800 2759 2793 2801 2748 2812
57900 2859 2836 2853 2856 2833 2775
58000 2866 2895 2851 2862 2831 2887
58100 2859 2814 2808 2915 2816 2777
58200 2825 2805 2823 2845 2755 2766
58300 2830 2837 2872 2882 2801 2811
58400 2894 2801 2800 2813 2866 2827
58500 2942 2798 2812 2853 2813 2761
58600 2845 2822 2824 2855 2765 2818
58700 2846 2859 2968 2895 2864 2762
58800 2927 2902 2814 2823 2823 3040
58900 2921 2913 2899 2915 2936 2824
59000 2957 2907 2931 2879 2857 2854
59100 2944 2922 2877 2986 2860 2828
59200 2976 2929 2853 2884 2840 2785
59300 2916 2852 2851 2840 2808 2813
59400 2888 2855 2869 2928 2821 2819
59500 2935 2914 2920 2920 2873 2871
59600 2917 2881 2905 2895 2856 2857
59700 2879 2849 2847 2886 2821 2825
59800 2873 2819 2828 2818 2828 2916
59900 2862 2926 2927 2938 2842 2807
60000 2895 2872 2915 2863 2829 2828
60100 2943 2841 2882 2859 2890 2863
60200 2950 2892 2973 2907 2921 2838
60300 2927 2898 2895 2977 2852 2852
60400 2927 2981 2921 3084 2947 2922
60500 2984 2987 3037 2975 2909 2999
60600 3016 2999 3023 2995 3044 3056
60700 3047 3003 3038 3005 2948 3020
60800 3082 3073 3020 3056 2953 2985
60900 3057 3138 3049 3022 2963 3090
61000 3106 3087 3062 3017 2983 3088
61100 3115 3096 3028 3032 3009 3006
61200 3130 3089 3076 3081 2956 3312
61300 3021 3159 2995 3088 2973 3030
61400 3068 3012 3042 3083 2989 2988
61500 3100 3093 3054 3141 3076 3128
61600 3221 3056 3051 3210 3004 3010
61700 3214 3148 3164 3108 3153 3097
61800 3149 3046 3093 3104 3060 2994
61900 3138 3160 3228 3105 3048 3075
62000 3100 3143 3116 3132 3172 3174
62100 3156 3170 3144 3224 3168 3218
62200 3168 3161 3141 3227 3187 3161
62300 3131 3096 3162 3114 3151 3042
62400 3215 3314 3263 3176 3173 3119
62500 3176 3158 3104 3178 3190 3059
62600 3165 3112 3188 3120 3186 3141
62700 3216 3132 3284 3141 3127 3113
62800 3137 3208 3205 3186 3264 3176
62900 3255 3202 3246 3090 3116 3093
63000 3111 3170 3189 3055 3183 3112
63100 3276 3207 3147 3154 3117 3122
63200 3196 3225 3177 3119 3144 3104
63300 3145 3166 3197 3203 3204 3081
63400 3353 3263 3172 3232 3245 3391
63500 3331 3210 3205 3202 3180 3185
63600 3231 3225 3221 3151 3211 3117
63700 3195 3197 3265 3183 3159 3160
63800 3224 3238 3233 3423 3271 3222
63900 3414 3272 3219 3315 3489 3151
64000 3354 3249 3215 3175 3193 3221
64100 3187 3229 3250 3147 3138 3127
64200 4204 3164 3163 3494 3241 3153
64300 3176 3234 3267 3281 3246 3225
64400 3198 3304 3330 3227 3175 3257
64500 3289 3335 3312 3366 3329 3269
64600 3374 3619 3292 3246 3238 3244
64700 3250 3234 3227 3239 3181 3167
64800 3262 3186 3351 3181 3196 3171
64900 3334 3231 3248 3287 3233 3273
65000 3234 3360 3266 3255 3225 3164
65100 3224 3238 3235 3197 3289 3201
65200 3326 3193 3292 3236 3248 3271
65300 3291 3313 3358 3298 3292 3209
65400 3349 3345 3403 3330 3331 3286
65500 3300 3304 3291 3224 3229 3171
65600 3403 3206 3327 3328 3336 3243
65700 3254 3210 3321 3209 3281 3235
65800 3233 3290 3309 3222 3348 3211
65900 3332 3208 3222 3234 3271 3295
66000 3383 3274 3337 3321 3342 3338
66100 3373 3321 3430 3305 3320 3303
66200 3320 3262 3402 3280 3365 3221
66300 3324 3319 3310 3349 3414 3326
66400 3480 3429 3390 3497 3405 3395
66500 3496 3426 3326 3376 3302 3348
66600 3411 3426 3486 3400 3323 3371
66700 3376 3451 3395 3449 3551 3392
66800 3543 3332 3352 3440 3349 3396
66900 3507 3411 3532 3531 3411 3350
67000 3517 3337 3428 3465 3481 3308
67100 3440 3434 3457 3450 3377 3365
67200 3434 3478 3385 3403 3379 3353
67300 3532 3510 3539 3419 3389 3385
67400 3367 3388 3334 3381 3380 3337
67500 3383 3376 3328 3328 3374 3336
67600 3337 3304 3305 3288 3378 3365
67700 3497 3438 3423 3354 3442 3389
67800 3443 3373 3361 3360 3377 3342
67900 3412 3370 3431 3506 3359 3373
68000 3495 3535 3452 3466 3559 3392
68100 3447 3432 3587 3497 3463 3529
68200 3465 3465 3425 3402 3386 3411
68300 3623 3522 3393 3543 3572 3435
68400 3535 3419 3429 3400 3416 3343
68500 3484 3416 3466 3532 3501 3362
68600 3579 3503 3534 3564 3464 3374
68700 3533 3494 3501 3447 3466 3439
68800 3502 3458 3455 3514 3469 3415
68900 3518 3471 3680 3661 3467 3435
69000 3532 3457 3545 3487 3502 3496
69100 3496 3551 3451 3454 3439 3408
69200 3673 3579 3466 3435 3537 3509
69300 3507 3516 3454 3453 3493 3447
69400 3533 3545 3456 3449 3466 3388
69500 3491 3417 3418 3421 3437 3408
69600 3582 3605 3454 3462 3508 3406
69700 3601 3750 3450 3527 3557 3531
69800 3603 3520 3517 3469 3465 3494
69900 3548 3541 3524 3529 3517 3451
70000 3554 3517 3728 3593 3489 3465
70100 3622 3540 3533 3550 3555 3648
70200 3523 3570 3561 3556 3586 3510
70300 3627 3503 3569 3528 3608 3511
70400 3570 3524 3614 3696 3511 3477
70500 3546 3599 3603 3590 3485 3485
70600 3535 3582 3520 3485 3511 3458
70700 3589 3577 3492 3599 3488 3463
70800 3715 3630 3705 3492 3520 3520
70900 3629 3670 3640 3615 3602 3599
71000 3603 3558 3608 3565 3635 3651
71100 3609 3570 3577 3564 3662 3579
71200 3664 3692 3595 3631 3601 3549
71300 3725 3764 3641 3719 3632 3792
71400 3741 3663 3652 3694 3630 3540
71500 3698 3647 3871 3627 3584 3588
71600 3615 3614 3587 3580 3874 3572
71700 3667 3590 3596 3626 3603 3511
71800 3689 3589 3573 3576 3649 3522
71900 3608 3628 3656 3624 3563 3539
72000 3661 3624 3625 3635 3622 3685
72100 3727 3724 3720 3665 3852 3801
72200 3737 3657 3667 3722 3707 3602
72300 3706 3678 3673 3749 3758 3620
72400 3649 3660 3654 3655 3619 3630
72500 3672 3692 3640 3707 3730 3641
72600 3834 3917 3741 3769 3697 3634
72700 3723 3651 3653 3653 3689 3674
72800 3827 3747 3766 3791 4031 3802
72900 3753 3759 3724 3753 3863 3707
73000 3681 3684 3715 3753 3857 3654
73100 3777 3630 3672 3703 3655 3663
73200 3715 3722 3699 3667 3701 3686
73300 3701 3646 3661 3686 3700 3770
73400 3687 3713 4031 3709 3742 3877
73500 3744 3660 3677 3654 3650 3615
73600 3727 3640 3659 3680 3731 3657
73700 3776 3785 3683 3691 3729 3702
73800 3819 3741 3722 3705 3696 3656
73900 3771 3685 3683 3735 3965 3715
74000 3900 3728 3730 3826 3729 3686
74100 3800 3780 3757 3752 3931 3734
74200 3806 3968 3779 3844 3835 3680
74300 3838 3831 3963 3832 3774 3760
74400 3853 3800 3765 3830 3771 3738
74500 3848 3832 3783 3781 3739 3741
74600 3742 3713 3703 3712 3702 3665
74700 3802 3817 3737 3735 3734 3690
74800 3750 3731 3712 3705 3708 3728
74900 3792 3724 3683 3772 3707 3669
75000 3739 3706 3707 3698 3695 3654
75100 3766 3724 3770 3718 3782 3672
75200 3786 3762 3757 3747 3763 3700
75300 3753 3762 3833 3807 3779 3775
75400 3878 4026 3831 3823 3748 3719
75500 4000 3874 3810 3868 3888 3847
75600 3934 3890 3939 3933 3927 3860
75700 3959 3882 3841 3812 3833 3850
75800 3906 3838 3905 3844 3878 3781
75900 3870 3837 3887 3829 3801 3793
76000 3935 3930 3989 3819 3796 3850
76100 3863 3859 3899 3930 3774 3724
76200 3867 3920 3871 3796 3933 3777
76300 3874 3855 3877 3896 4084 3866
76400 3982 3887 3894 3876 4087 3928
76500 3990 3971 4094 4052 3998 3971
76600 4141 4046 4064 3980 4054 3893
76700 3921 3869 4100 4032 3850 3834
76800 4055 4088 3987 3900 3926 3924
76900 3993 4026 3924 3973 3980 3826
77000 4036 4264 3976 3943 4034 4014
77100 3970 4067 3937 3991 3963 3882
77200 3986 3984 3935 4060 3994 3907
77300 3997 3935 4011 3915 3931 3869
77400 3951 3958 3929 4025 3927 3891
77500 4013 3924 3987 3964 3953 3971
77600 4053 4026 4121 3930 3961 3971
77700 4110 4066 3998 4147 3999 4083
77800 4094 4109 4092 3974 3961 3922
77900 4025 3994 4052 3931 3929 3899
78000 4138 3963 4312 3999 4002 3966
78100 4043 4112 3953 3916 3901 3862
78200 4010 4010 4323 3971 4005 3872
78300 4003 3994 3972 3959 3946 3937
78400 4237 4053 4033 3989 3980 4113
78500 4070 4019 4077 4130 4091 3966
78600 4101 4041 4046 4027 4000 3963
78700 4139 4124 4088 4034 4353 4116
78800 4131 4120 4132 4087 4135 3991
78900 4094 4263 4150 4085 4065 4148
79000 4216 4113 4096 4334 4318 4016
79100 4152 4191 4205 4264 4083 4102
79200 4141 4101 4063 4158 4115 4189
79300 4174 4189 4213 4129 4130 4094
79400 4211 4219 4512 4414 4101 4058
79500 4291 4175 4138 4089 4102 4043
79600 4371 4336 4088 4088 4183 4177
79700 4152 4136 4173 4129 4087 4029
79800 4321 4110 4076 4033 4270 3988
79900 4266 4179 4249 4063 4082 4014
80000 4090 4149 4137 4103 4300 4005
80100 4094 4133 4113 4158 4098 3983
80200 4235 4202 4202 4191 4061 4010
80300 4127 4156 4109 4117 4077 4020
80400 4365 4204 4166 4084 4091 4073
80500 4076 4090 4093 4040 4034 4097
80600 4140 4147 4176 4108 4182 4272
80700 4223 4309 4231 4249 4256 4241
80800 4220 4294 4285 4256 4168 4092
80900 4189 4217 4205 4147 4123 4079
81000 4194 4209 4216 4207 4309 4178
81100 4187 4300 4305 4261 4242 4088
81200 4204 4232 4258 4183 4147 4161
81300 4231 4298 4273 4337 4181 4177
81400 4276 4348 4298 4239 4271 4215
81500 4286 4307 4325 4174 4212 4149
81600 4280 4280 4285 4220 4491 4226
81700 4263 4344 4336 4254 4491 4193
81800 4197 4269 4236 4151 4230 4134
81900 4248 4287 4333 4181 4301 4244
82000 4500 4219 4414 4336 4248 4235
82100 4364 4348 4412 4210 4277 4155
82200 4311 4330 4395 4322 4303 4340
82300 4359 4365 4397 4325 4256 4196
82400 4327 4444 4382 4275 4287 4368
82500 4369 4423 4507 4310 4300 4418
82600 4344 4390 4389 4294 4360 4202
82700 4364 4331 4517 4290 4339 4237
82800 4288 4312 4601 4339 4353 4237
82900 4383 4478 4404 4378 4345 4365
83000 4290 4315 4282 4262 4300 4207
83100 4238 4283 4255 4226 4195 4150
83200 4260 4288 4317 4581 4531 4207
83300 4264 4370 4304 4269 4261 4264
83400 4360 4723 4572 4342 4297 4238
83500 4344 4404 4394 4498 4478 4172
83600 4606 4368 4359 4463 4242 4248
83700 4429 4402 4413 4339 4337 4418
83800 4311 4334 4321 4302 4279 4215
83900 4348 4442 4488 4413 4343 4362
84000 4423 4445 4562 4385 4371 4339
84100 4605 4691 4442 4507 4476 4349
84200 4492 4631 4455 4413 4408 4361
84300 4612 4501 4400 4396 4378 4373
84400 4421 4493 4498 4645 4420 4449
84500 4528 4476 4434 4448 4428 4353
84600 4447 4513 4481 4451 4416 4410
84700 4610 4571 4600 4457 4415 4611
84800 4591 4612 4488 4467 4395 4448
84900 4499 4504 4489 4616 4610 4450
85000 4528 4584 4639 4702 4594 4540
85100 4653 4686 4566 4587 4660 4877
85200 4638 4826 4650 4538 4450 4616
85300 4565 4613 4840 4551 4548 4468
85400 4735 4620 4646 4506 4390 4495
85500 4562 4734 4673 4517 4542 4423
85600 4496 4486 4509 4472 4463 4391
85700 4540 4500 4526 4521 4422 4435
85800 4546 4564 4533 4625 4559 4580
85900 4572 4547 4505 4619 4589 4494
86000 4499 4478 4647 4558 4472 4365
86100 4537 4648 4716 4637 4589 4459
86200 4620 4643 4557 4512 4495 4410
86300 4477 4541 4532 4582 4603 4566
86400 4456 4476 4460 4442 4461 4411
86500 4757 4624 4742 4657 4451 4418
86600 4621 4539 4563 4599 4644 4535
86700 4665 4618 4568 4542 4564 4517
86800 4552 4571 4606 4656 4469 4408
86900 4545 4647 4465 4473 4414 4358
87000 4570 4461 4495 4499 4427 4398
87100 4627 4573 4495 4568 4464 4405
87200 4601 4565 4555 4546 4490 4437
87300 4619 4619 4690 4675 4624 4543
87400 4739 4530 4595 4636 4610 4542
87500 4657 4618 4622 4786 4687 4496
87600 4804 4730 4655 4758 4738 4479
87700 4981 4734 4713 4674 4575 4520
87800 4641 4577 4698 4613 4501 4431
87900 4748 4631 4668 4663 4586 4534
88000 4992 4702 4643 4695 4552 4499
88100 4823 4644 4985 4589 4573 4476
88200 4670 4727 4715 4716 4503 4466
88300 4819 4762 4628 4683 4605 4544
88400 4762 4776 4884 4773 4553 4548
88500 4699 4613 4714 4768 4547 4508
88600 4612 4589 4663 4559 4512 4521
88700 4635 4582 4599 4599 4537 4517
88800 4674 4615 4629 4644 4567 4511
88900 4829 4766 4932 4773 4799 4740
89000 4949 4818 4816 4841 4713 4753
89100 4880 4898 4947 4863 4690 4794
89200 4864 4845 4846 4844 4886 4715
89300 4729 4806 4749 4803 4705 4565
89400 4710 4684 4721 5402 4822 4927
89500 4701 4753 4703 4794 4686 4658
89600 4754 4927 4691 4724 4662 4555
89700 4666 4696 4727 4861 4763 4673
89800 4790 4814 4756 4723 4637 4586
89900 4773 4665 4683 4740 4694 4624
90000 4714 4683 4702 4745 4693 4763
90100 4909 4739 4828 4765 4732 4661
90200 4720 4708 4808 4760 4630 4612
90300 4911 4734 4793 4979 4674 4652
90400 4875 4952 4820 4863 4693 4609
90500 5033 4829 4836 4801 4779 4715
90600 4756 4983 4963 4922 4763 4811
90700 5074 4948 4959 4956 4803 4895
90800 5009 4770 4822 4873 4792 4675
90900 4878 4890 4974 4913 4799 4753
91000 4983 4813 4834 4833 4814 4834
91100 4999 5014 4981 4996 4928 4726
91200 4822 4843 4814 4809 4746 4710
91300 4884 4940 4990 4945 4994 4760
91400 4854 4861 4864 4944 4868 4803
91500 5004 4880 4960 4926 4823 4789
91600 4952 4937 5093 4991 4911 4810
91700 5006 4839 4924 5055 4873 4844
91800 5072 4863 4954 4960 4924 4845
91900 4892 4915 4899 5006 4778 4863
92000 5012 4978 4904 4836 4803 4686
92100 4834 4816 4822 4862 4899 4760
92200 4940 4969 4942 5026 4844 4927
92300 5011 5095 5079 4894 4832 4770
92400 4897 4863 4870 4967 4915 4847
92500 4962 4941 4953 4947 4878 4828
92600 4983 4957 4963 4962 4898 4849
92700 4960 4934 4895 4900 4898 4853
92800 5059 4897 4892 4892 4836 4878
92900 4995 4981 4972 4981 4910 4859
93000 5068 4976 4980 4958 4899 4835
93100 5009 4992 4984 4962 4916 4853
93200 4982 4953 4953 4959 4892 4856
93300 4975 4955 5071 5065 4991 4940
93400 5234 5071 5035 5062 4931 4945
93500 5099 5028 5029 5029 4932 4849
93600 5005 4932 4932 4965 4869 4884
93700 5072 4948 5008 5011 4913 4812
93800 5017 5013 4998 4986 4930 4835
93900 4996 5096 5053 5111 5100 4907
94000 5009 5018 4954 5061 4996 4973
94100 5098 5081 5020 5077 5000 4925
94200 4942 4985 4955 4959 4898 4847
94300 5004 4993 4979 4980 4915 4860
94400 5004 4984 4977 4979 4916 4862
94500 5006 4991 4986 4979 4913 4772
94600 4977 4955 4958 4946 4894 4828
94700 5001 4998 4994 5061 5012 4866
94800 5004 5047 5198 5066 5093 4970
94900 5071 4962 5029 5215 4946 4843
95000 5097 5001 4964 4957 4911 4829
95100 5171 4981 5007 4977 4920 4853
95200 4995 4967 4963 4967 4899 4848
95300 5003 4965 4960 4957 4891 4864
95400 5043 5019 5054 5137 5070 5025
95500 5235 5029 5027 5201 4993 4955
95600 5143 5029 5047 5203 4979 5057
95700 5150 5220 5107 5161 4974 4932
95800 5125 5164 5126 5020 5124 4958
95900 5190 5214 5174 5112 5062 4950
96000 5104 5053 5086 5079 5063 4981
96100 5323 5154 5146 5158 5085 4986
96200 5271 5171 5138 5168 5137 5027
96300 5182 5219 5286 5203 5120 5093
96400 5357 5145 5286 5297 5169 5176
96500 5317 5402 5156 5116 5132 5063
96600 5226 5225 5157 5159 5059 5015
96700 5299 5271 5270 5286 5218 5270
96800 5236 5137 5188 5173 5126 5033
96900 5176 5158 5288 5158 5111 5016
97000 5173 5331 5291 5259 5350 5346
97100 5193 5351 5183 5340 5266 5222
97200 5380 5147 5093 5090 5030 4965
97300 5146 5088 5101 5162 5280 5196
97400 5294 5134 5127 5236 5153 5049
97500 5218 5186 5183 5203 5031 4990
97600 5073 5076 5145 5152 4970 4925
97700 5067 5063 5207 5079 5005 5194
97800 5106 5086 5090 5136 5109 5190
97900 5620 5265 5279 5262 5213 5121
98000 5354 5294 5295 5269 5138 5110
98100 5360 5291 5261 5477 5210 5445
98200 5331 5297 5360 5434 5230 5211
98300 5499 5283 5254 5278 5314 5237
98400 5408 5243 5249 5326 5125 5238
98500 5418 5369 5337 5360 5262 5190
98600 5387 5234 5312 5245 5270 5070
98700 5329 5152 5174 5149 5067 5040
98800 5215 5173 5231 5221 5245 5117
98900 5657 5336 5357 5399 5331 5087
99000 5474 5313 5544 5319 5311 5368
99100 5388 5252 5395 5328 5418 5365
99200 5274 5263 5588 5466 5313 5346
99300 5392 5432 5462 5393 5407 5394
99400 5659 5571 5386 5505 5324 5240
99500 5550 5352 5414 5425 5329 5373
99600 5578 5438 5422 5442 5417 5375
99700 5447 5453 5292 5412 5428 5232
99800 5461 5348 5508 5392 5370 5217
99900 5448 5407 5359 5314 5266 5219
100000 5408 5394 5471 5363 5241 5260
