500 79
600 77
700 86
800 106
900 113
1000 133
1100 106
1200 109
1300 123
1400 125
1500 136
1600 142
1700 151
1800 165
1900 178
2000 194
2100 169
2200 175
2300 182
2400 194
2500 204
2600 217
2700 227
2800 259
2900 252
3000 265
3100 279
3200 292
3300 306
3400 320
3500 334
3600 349
3700 363
3800 378
3900 392
4000 407
4100 422
4200 364
4300 357
4400 366
4500 377
4600 389
4700 401
4800 414
4900 422
5000 434
5100 447
5200 461
5300 474
5400 486
5500 496
5600 508
5700 524
5800 534
5900 547
6000 561
6100 573
6200 596
6300 605
6400 619
6500 633
6600 651
6700 668
6800 675
6900 692
7000 705
7100 722
7200 737
7300 763
7400 781
7500 796
7600 812
7700 828
7800 840
7900 841
8000 874
8100 875
8200 885
8300 830
8400 766
8500 741
8600 774
8700 765
8800 795
8900 803
9000 799
9100 812
9200 868
9300 846
9400 850
9500 858
9600 877
9700 889
9800 898
9900 910
10000 937
10100 936
10200 1032
10300 1005
10400 977
10500 988
10600 1044
10700 1054
10800 1032
10900 1036
11000 1068
11100 1068
11200 1106
11300 1152
11400 1111
11500 1131
11600 1158
11700 1144
11800 1155
11900 1194
12000 1214
12100 1206
12200 1237
12300 1230
12400 1248
12500 1298
12600 1278
12700 1331
12800 1307
12900 1321
13000 1346
13100 1354
13200 1371
13300 1383
13400 1464
13500 1408
13600 1424
13700 1439
13800 1460
13900 1469
14000 1486
14100 1505
14200 1516
14300 1530
14400 1544
14500 1560
14600 1579
14700 1595
14800 1629
14900 1623
15000 1639
15100 1654
15200 1671
15300 1688
15400 1704
15500 1714
15600 1733
15700 1832
15800 1773
15900 1784
16000 1801
16100 1829
16200 1919
16300 1851
16400 1879
16500 1821
16600 1756
16700 1699
16800 1647
16900 1585
17000 1631
17100 1591
17200 1631
17300 1654
17400 1625
17500 1705
17600 1668
17700 1711
17800 1722
17900 1711
18000 1699
18100 1722
18200 1740
18300 1752
18400 1746
18500 1797
18600 1830
18700 1795
18800 1833
18900 1852
19000 1901
19100 1845
19200 1878
19300 1892
19400 1917
19500 1944
19600 1945
19700 1980
19800 11359
19900 1971
20000 1946
20100 1983
20200 1981
20300 2049
20400 2056
20500 2041
20600 2150
20700 2055
20800 2099
20900 2102
21000 2110
21100 2120
21200 2133
21300 2157
21400 2146
21500 2147
21600 2167
21700 2175
21800 2187
21900 2200
22000 2217
22100 2230
22200 2241
22300 2255
22400 2278
22500 2285
22600 2306
22700 2324
22800 2339
22900 2361
23000 2384
23100 2367
23200 2388
23300 2439
23400 2453
23500 2476
23600 2486
23700 2482
23800 2483
23900 2499
24000 2512
24100 2522
24200 2539
24300 2549
24400 2567
24500 2575
24600 2605
24700 2627
24800 2633
24900 2642
25000 2668
25100 2685
25200 2696
25300 2702
25400 2724
25500 2730
25600 2748
25700 2812
25800 2827
25900 2843
26000 2858
26100 2837
26200 2836
26300 2851
26400 2890
26500 2887
26600 2899
26700 2923
26800 3162
26900 2993
27000 2953
27100 3034
27200 3047
27300 3066
27400 3075
27500 3103
27600 3108
27700 3123
27800 3139
27900 3157
28000 3172
28100 3188
28200 3204
28300 3167
28400 3177
28500 3197
28600 3208
28700 3232
28800 3301
28900 3264
29000 3330
29100 3361
29200 3367
29300 3323
29400 3336
29500 3354
29600 3369
29700 3389
29800 3403
29900 3418
30000 3500
30100 3473
30200 3470
30300 3528
30400 3553
30500 3532
30600 3564
30700 3618
30800 3578
30900 3602
31000 3594
31100 3683
31200 3711
31300 3713
31400 3730
31500 3745
31600 3703
31700 3722
31800 3730
31900 3751
32000 3763
32100 3780
32200 3797
32300 3828
32400 3847
32500 3847
32600 3863
32700 3881
32800 3877
32900 3824
33000 3764
33100 3718
33200 3734
33300 3671
33400 3614
33500 3548
33600 3497
33700 3369
33800 3331
33900 3320
34000 3342
34100 3347
34200 3364
34300 3379
34400 3382
34500 3399
34600 3413
34700 3434
34800 3438
34900 3513
35000 3522
35100 3537
35200 3492
35300 3495
35400 3509
35500 3522
35600 3640
35700 3554
35800 3629
35900 3646
36000 3602
36100 3671
36200 3682
36300 3693
36400 3706
36500 3723
36600 3733
36700 3750
36800 3763
36900 3785
37000 3813
37100 3823
37200 3775
37300 3792
37400 3810
37500 3821
37600 3886
37700 3903
37800 3919
37900 3904
38000 3918
38100 3934
38200 3952
38300 3958
38400 3977
38500 3986
38600 4011
38700 4011
38800 4032
38900 4041
39000 4054
39100 4069
39200 4085
39300 4104
39400 4110
39500 4041
39600 4066
39700 4091
39800 4086
39900 4182
40000 4148
40100 4129
40200 4200
40300 4231
40400 4201
40500 4205
40600 4207
40700 4219
40800 4239
40900 4241
41000 4345
41100 4298
41200 4305
41300 4333
41400 4330
41500 4343
41600 4360
41700 4369
41800 4384
41900 4395
42000 4388
42100 4410
42200 4417
42300 4432
42400 4441
42500 4455
42600 4475
42700 4488
42800 4532
42900 4513
43000 4530
43100 4553
43200 4642
43300 4570
43400 4585
43500 4598
43600 4616
43700 4623
43800 4639
43900 4653
44000 4679
44100 4712
44200 4699
44300 4719
44400 4731
44500 4744
44600 4757
44700 4776
44800 4891
44900 4805
45000 4819
45100 4846
45200 4858
45300 4887
45400 4891
45500 4910
45600 4939
45700 4970
45800 4957
45900 4986
46000 5006
46100 4979
46200 4992
46300 5019
46400 5035
46500 5053
46600 5058
46700 5066
46800 5079
46900 5095
47000 5109
47100 5124
47200 5148
47300 5158
47400 5161
47500 5190
47600 5295
47700 5227
47800 5250
47900 5266
48000 5287
48100 5288
48200 5303
48300 5316
48400 5337
48500 5352
48600 5347
48700 5389
48800 5369
48900 5398
49000 5404
49100 5420
49200 5479
49300 5497
49400 5509
49500 5507
49600 5531
49700 5539
49800 5549
49900 5574
50000 5745
50100 5610
50200 5666
50300 5699
50400 5652
50500 5759
50600 5692
50700 5700
50800 5708
50900 5715
51000 5734
51100 5756
51200 5768
51300 5792
51400 5795
51500 5813
51600 5829
51700 5842
51800 5856
51900 5881
52000 6392
52100 5914
52200 5925
52300 5938
52400 6061
52500 6080
52600 6019
52700 6002
52800 6013
52900 6031
53000 6058
53100 6073
53200 6085
53300 6102
53400 6246
53500 6263
53600 6259
53700 6273
53800 6290
53900 6200
54000 6215
54100 6244
54200 6247
54300 6277
54400 6277
54500 6398
54600 6300
54700 6311
54800 6331
54900 6349
55000 6442
55100 6481
55200 6434
55300 6421
55400 6436
55500 6445
55600 6461
55700 6488
55800 6496
55900 6510
56000 6611
56100 6806
56200 6597
56300 6638
56400 6696
56500 6612
56600 6913
56700 6819
56800 6731
56900 6747
57000 6692
57100 6822
57200 6936
57300 6944
57400 6850
57500 7014
57600 7041
57700 7021
57800 6881
57900 7123
58000 7053
58100 7126
58200 7088
58300 7082
58400 7101
58500 7061
58600 7135
58700 6981
58800 7103
58900 7281
59000 7180
59100 7279
59200 7289
59300 7107
59400 7112
59500 7105
59600 7137
59700 7137
59800 7195
59900 7195
60000 9563
60100 7469
60200 7366
60300 7261
60400 7350
60500 7411
60600 7445
60700 7537
60800 7595
60900 7499
61000 7554
61100 7451
61200 7848
61300 7648
61400 7656
61500 7648
61600 7665
61700 7684
61800 7701
61900 7614
62000 7740
62100 7845
62200 7760
62300 7807
62400 7796
62500 7981
62600 7800
62700 7834
62800 7984
62900 7954
63000 7906
63100 7867
63200 8027
63300 7913
63400 7947
63500 8133
63600 8110
63700 7949
63800 7963
63900 8031
64000 8067
64100 8227
64200 8070
64300 8125
64400 8150
64500 8303
64600 8180
64700 8170
64800 8214
64900 8174
65000 8221
65100 8077
65200 8359
65300 8221
65400 8265
65500 8404
65600 8281
65700 8355
65800 8236
65900 8069
66000 8182
66100 8074
66200 7931
66300 7939
66400 7829
66500 7707
66600 7784
66700 7696
66800 7657
66900 7677
67000 7324
67100 7445
67200 7255
67300 7374
67400 7124
67500 7156
67600 7105
67700 7166
67800 7082
67900 7026
68000 7151
68100 7092
68200 7268
68300 7279
68400 7354
68500 7356
68600 7356
68700 7134
68800 7125
68900 7147
69000 7240
69100 7264
69200 7193
69300 7364
69400 7368
69500 7358
69600 7664
69700 7311
69800 7462
69900 7409
70000 7394
70100 7324
70200 7398
70300 7557
70400 7900
70500 7611
70600 7431
70700 7496
70800 7458
70900 7733
71000 7613
71100 7516
71200 7635
71300 7949
71400 7714
71500 7483
71600 7580
71700 7556
71800 7596
71900 7522
72000 7622
72100 7652
72200 7765
72300 7594
72400 7676
72500 7620
72600 7755
72700 7914
72800 7811
72900 7955
73000 7784
73100 7919
73200 7785
73300 7782
73400 7813
73500 8016
73600 7996
73700 8393
73800 7895
73900 7869
74000 7982
74100 7953
74200 7939
74300 8055
74400 8720
74500 8078
74600 7964
74700 7984
74800 7988
74900 7990
75000 8017
75100 8142
75200 8019
75300 8077
75400 8308
75500 8350
75600 8320
75700 8158
75800 8126
75900 8138
76000 8154
76100 8209
76200 8200
76300 8351
76400 8373
76500 8465
76600 8363
76700 8663
76800 8509
76900 8391
77000 8247
77100 8467
77200 8324
77300 8349
77400 8484
77500 8432
77600 8620
77700 8415
77800 8429
77900 8404
78000 8481
78100 8609
78200 8421
78300 8451
78400 9029
78500 8648
78600 8702
78700 8503
78800 8707
78900 8607
79000 8520
79100 8702
79200 8601
79300 8909
79400 8819
79500 8791
79600 8860
79700 8796
79800 8700
79900 8631
80000 8747
80100 8667
80200 8732
80300 8767
80400 8769
80500 8716
80600 8955
80700 8956
80800 8789
80900 8780
81000 8770
81100 9259
81200 9067
81300 8937
81400 9131
81500 8968
81600 8858
81700 8954
81800 8968
81900 9000
82000 9206
82100 9075
82200 9164
82300 9158
82400 9283
82500 9083
82600 9324
82700 9152
82800 9104
82900 9120
83000 9259
83100 9220
83200 9217
83300 9244
83400 9285
83500 9271
83600 9292
83700 9314
83800 9283
83900 9235
84000 9248
84100 9495
84200 9644
84300 9383
84400 9264
84500 9644
84600 9577
84700 9648
84800 9552
84900 9334
85000 9448
85100 9650
85200 9654
85300 9710
85400 9494
85500 9800
85600 9566
85700 9533
85800 9571
85900 9808
86000 9795
86100 9514
86200 9761
86300 9540
86400 9711
86500 9656
86600 9659
86700 9805
86800 9817
86900 9910
87000 9888
87100 9932
87200 9775
87300 9707
87400 10043
87500 9965
87600 9770
87700 9852
87800 10079
87900 9839
88000 9867
88100 10042
88200 9969
88300 9970
88400 10086
88500 10130
88600 9917
88700 10094
88800 9944
88900 10179
89000 10197
89100 10199
89200 10487
89300 10174
89400 10262
89500 10310
89600 10433
89700 10051
89800 10515
89900 10213
90000 10360
90100 10826
90200 10173
90300 10257
90400 10438
90500 10227
90600 10332
90700 10467
90800 10321
90900 10267
91000 10322
91100 10515
91200 10336
91300 10446
91400 10399
91500 10828
91600 10563
91700 10660
91800 10690
91900 10495
92000 10691
92100 10429
92200 10759
92300 10785
92400 10463
92500 10670
92600 10690
92700 10687
92800 10611
92900 10743
93000 10753
93100 10562
93200 10589
93300 10620
93400 10900
93500 10816
93600 11001
93700 10779
93800 10744
93900 10898
94000 10720
94100 10991
94200 10974
94300 10949
94400 10957
94500 10984
94600 10799
94700 10859
94800 10856
94900 11059
95000 10997
95100 10972
95200 10884
95300 10898
95400 10915
95500 11121
95600 11808
95700 11301
95800 11428
95900 11382
96000 11158
96100 11113
96200 11647
96300 11505
96400 11225
96500 11338
96600 11341
96700 11235
96800 11564
96900 11226
97000 11279
97100 11598
97200 11423
97300 11208
97400 11656
97500 11520
97600 11296
97700 11304
97800 11999
97900 11649
98000 11620
98100 11627
98200 11656
98300 11986
98400 11946
98500 11705
98600 11809
98700 11883
98800 11594
98900 12330
99000 11878
99100 12010
99200 11601
99300 11834
99400 12080
99500 12085
99600 11927
99700 12082
99800 11932
99900 12035
100000 12010
